DSE index,"DLA HW (pes, bw)","RRAM HW (tiles, bw)",DLA layernum,RRAM layernum,DLA EDP,RRAM EDP,DLA latency,RRAM latency,DLA energy,RRAM energy,DLA area,RRAM area,restraint
1,256 16,6 48,10,53,718567822.8208376,2.436327132563862e+17,40708,211751517,17651,1150559465,6459620000000,19315271616,pass
2,256 20,6 44,10,53,718567822.8208376,2.4369534992288403e+17,40708,211805958,17651,1150559465,8074520000000,19315271616,pass
3,256 24,6 40,10,53,718567822.8208376,2.437705139226816e+17,40708,211871286,17651,1150559465,9689420000000,19315271616,pass
4,256 28,6 36,10,53,718567822.8208376,2.4386238103354518e+17,40708,211951131,17651,1150559465,11304300000000,19315271616,pass
5,256 32,6 32,10,53,718567822.8208376,2.4397721492212467e+17,40708,212050938,17651,1150559465,12919200000000,19315271616,pass
6,256 36,6 28,10,53,718567822.8208376,2.4412485849315546e+17,40708,212179262,17651,1150559465,14534100000000,19315271616,pass
7,256 40,6 24,10,53,718567822.8208376,2.4432171658786317e+17,40708,212350359,17651,1150559465,16149000000000,19315271616,pass
8,256 44,6 20,10,53,718567822.8208376,2.4459731792045392e+17,40708,212589896,17651,1150559465,17763900000000,19315271616,pass
9,256 48,6 16,10,53,718567822.8208376,2.450107199193401e+17,40708,212949201,17651,1150559465,19378800000000,19315271616,pass
10,256 52,6 12,10,53,718567822.8208376,2.4569972325081706e+17,40708,213548043,17651,1150559465,20993700000000,19315271616,pass
11,256 56,6 8,10,53,718567822.8208376,2.4707772991377094e+17,40708,214745727,17651,1150559465,22608600000000,19315271616,pass
12,256 16,7 48,9,54,454900984.93207204,2.89479783471619e+17,31904,213609382,14258,1355182903,6459620000000,20209800849,pass
13,256 20,7 44,9,54,454900984.93207204,2.8955355987528774e+17,31904,213663822,14258,1355182903,8074520000000,20209800849,pass
14,256 24,7 40,9,54,454900984.93207204,2.896420915596903e+17,31904,213729151,14258,1355182903,9689420000000,20209800849,pass
15,256 28,7 36,9,54,454900984.93207204,2.897502969517379e+17,31904,213808996,14258,1355182903,11304300000000,20209800849,pass
16,256 32,7 32,9,54,454900984.93207204,2.898855536917974e+17,31904,213908803,14258,1355182903,12919200000000,20209800849,pass
17,256 36,7 28,9,54,454900984.93207204,2.90059455214731e+17,31904,214037126,14258,1355182903,14534100000000,20209800849,pass
18,256 40,7 24,9,54,454900984.93207204,2.902913239119758e+17,31904,214208224,14258,1355182903,16149000000000,20209800849,pass
19,256 44,7 20,9,54,454900984.93207204,2.9061594008811846e+17,31904,214447761,14258,1355182903,17763900000000,20209800849,pass
20,256 48,7 16,9,54,454900984.93207204,2.911028643523326e+17,31904,214807066,14258,1355182903,19378800000000,20209800849,pass
21,256 52,7 12,9,54,454900984.93207204,2.9191440479268934e+17,31904,215405908,14258,1355182903,20993700000000,20209800849,pass
22,256 56,7 8,9,54,454900984.93207204,2.9353748567340294e+17,31904,216603592,14258,1355182903,22608600000000,20209800849,pass
23,256 16,8 48,6,57,106815908.70810603,3.518496586119018e+17,14295,219182977,7471,1605278216,6459620000000,21303114357,pass
24,256 20,8 44,6,57,106815908.70810603,3.519370502498906e+17,14295,219237417,7471,1605278216,8074520000000,21303114357,pass
25,256 24,8 40,6,57,106815908.70810603,3.520419202154772e+17,14295,219302745,7471,1605278216,9689420000000,21303114357,pass
26,256 28,8 36,6,57,106815908.70810603,3.521700946178607e+17,14295,219382591,7471,1605278216,11304300000000,21303114357,pass
27,256 32,8 32,6,57,106815908.70810603,3.523303126208401e+17,14295,219482398,7471,1605278216,12919200000000,21303114357,pass
28,256 36,8 28,6,57,106815908.70810603,3.525363071960994e+17,14295,219610721,7471,1605278216,14534100000000,21303114357,pass
29,256 40,8 24,6,57,106815908.70810603,3.528109666297784e+17,14295,219781819,7471,1605278216,16149000000000,21303114357,pass
30,256 44,8 20,6,57,106815908.70810603,3.53195489836929e+17,14295,220021355,7471,1605278216,17763900000000,21303114357,pass
31,256 48,8 16,6,57,106815908.70810603,3.5377227464765504e+17,14295,220380661,7471,1605278216,19378800000000,21303114357,pass
32,256 52,8 12,6,57,106815908.70810603,3.547335826655316e+17,14295,220979503,7471,1605278216,20993700000000,21303114357,pass
33,256 56,8 8,6,57,106815908.70810603,3.566561987012848e+17,14295,222177187,7471,1605278216,22608600000000,21303114357,pass
34,256 16,9 48,4,59,22870575.946193907,3.8555973127602016e+17,6225,221511288,3673,1740587283,6459620000000,22562081426,fail
35,256 20,9 44,4,59,22870575.946193907,3.856544891642207e+17,6225,221565728,3673,1740587283,8074520000000,22562081426,fail
36,256 24,9 40,4,59,22870575.946193907,3.857681986300611e+17,6225,221631056,3673,1740587283,9689420000000,22562081426,fail
37,256 28,9 36,4,59,22870575.946193907,3.859071768660883e+17,6225,221710902,3673,1740587283,11304300000000,22562081426,fail
38,256 32,9 32,4,59,22870575.946193907,3.860808996611224e+17,6225,221810709,3673,1740587283,12919200000000,22562081426,fail
39,256 36,9 28,4,59,22870575.946193907,3.8630425754045203e+17,6225,221939032,3673,1740587283,14534100000000,22562081426,fail
40,256 40,9 24,4,59,22870575.946193907,3.866020680462247e+17,6225,222110130,3673,1740587283,16149000000000,22562081426,fail
41,256 44,9 20,4,59,22870575.946193907,3.870190027543065e+17,6225,222349666,3673,1740587283,17763900000000,22562081426,fail
42,256 48,9 16,4,59,22870575.946193907,3.8764440481642925e+17,6225,222708972,3673,1740587283,19378800000000,22562081426,fail
43,256 52,9 12,4,59,22870575.946193907,3.886867415866338e+17,6225,223307814,3673,1740587283,20993700000000,22562081426,fail
44,256 56,9 8,4,59,22870575.946193907,3.907714151270428e+17,6225,224505498,3673,1740587283,22608600000000,22562081426,fail
45,256 16,10 48,4,59,22870575.946193907,3.8555973127602016e+17,6225,221511288,3673,1740587283,6459620000000,22562081426,fail
46,256 20,10 44,4,59,22870575.946193907,3.856544891642207e+17,6225,221565728,3673,1740587283,8074520000000,22562081426,fail
47,256 24,10 40,4,59,22870575.946193907,3.857681986300611e+17,6225,221631056,3673,1740587283,9689420000000,22562081426,fail
48,256 28,10 36,4,59,22870575.946193907,3.859071768660883e+17,6225,221710902,3673,1740587283,11304300000000,22562081426,fail
49,256 32,10 32,4,59,22870575.946193907,3.860808996611224e+17,6225,221810709,3673,1740587283,12919200000000,22562081426,fail
50,256 36,10 28,4,59,22870575.946193907,3.8630425754045203e+17,6225,221939032,3673,1740587283,14534100000000,22562081426,fail
51,256 40,10 24,4,59,22870575.946193907,3.866020680462247e+17,6225,222110130,3673,1740587283,16149000000000,22562081426,fail
52,256 44,10 20,4,59,22870575.946193907,3.870190027543065e+17,6225,222349666,3673,1740587283,17763900000000,22562081426,fail
53,256 48,10 16,4,59,22870575.946193907,3.8764440481642925e+17,6225,222708972,3673,1740587283,19378800000000,22562081426,fail
54,256 52,10 12,4,59,22870575.946193907,3.886867415866338e+17,6225,223307814,3673,1740587283,20993700000000,22562081426,fail
55,256 56,10 8,4,59,22870575.946193907,3.907714151270428e+17,6225,224505498,3673,1740587283,22608600000000,22562081426,fail
56,256 16,11 48,3,60,10418643.824867755,4.154303240742585e+17,4187,221976314,2488,1871507441,6459620000000,24848100578,fail
57,256 20,11 44,3,60,10418643.824867755,4.1553220927965626e+17,4187,222030754,2488,1871507441,8074520000000,24848100578,fail
58,256 24,11 40,3,60,10418643.824867755,4.156544715261334e+17,4187,222096082,2488,1871507441,9689420000000,24848100578,fail
59,256 28,11 36,3,60,10418643.824867755,4.158039031607167e+17,4187,222175928,2488,1871507441,11304300000000,24848100578,fail
60,256 32,11 32,3,60,10418643.824867755,4.159906927039457e+17,4187,222275735,2488,1871507441,12919200000000,24848100578,fail
61,256 36,11 28,3,60,10418643.824867755,4.162308506880974e+17,4187,222404058,2488,1871507441,14534100000000,24848100578,fail
62,256 40,11 24,3,60,10418643.824867755,4.1655106133363296e+17,4187,222575156,2488,1871507441,16149000000000,24848100578,fail
63,256 44,11 20,3,60,10418643.824867755,4.169993562373827e+17,4187,222814693,2488,1871507441,17763900000000,24848100578,fail
64,256 48,11 16,3,60,10418643.824867755,4.176717985930075e+17,4187,223173998,2488,1871507441,19378800000000,24848100578,fail
65,256 52,11 12,3,60,10418643.824867755,4.18792535852382e+17,4187,223772840,2488,1871507441,20993700000000,24848100578,fail
66,256 56,11 8,3,60,10418643.824867755,4.21034010371131e+17,4187,224970524,2488,1871507441,22608600000000,24848100578,fail
67,256 16,12 48,3,60,10418643.824867755,4.154303240742585e+17,4187,221976314,2488,1871507441,6459620000000,24848100578,fail
68,256 20,12 44,3,60,10418643.824867755,4.1553220927965626e+17,4187,222030754,2488,1871507441,8074520000000,24848100578,fail
69,256 24,12 40,3,60,10418643.824867755,4.156544715261334e+17,4187,222096082,2488,1871507441,9689420000000,24848100578,fail
70,256 28,12 36,3,60,10418643.824867755,4.158039031607167e+17,4187,222175928,2488,1871507441,11304300000000,24848100578,fail
71,256 32,12 32,3,60,10418643.824867755,4.159906927039457e+17,4187,222275735,2488,1871507441,12919200000000,24848100578,fail
72,256 36,12 28,3,60,10418643.824867755,4.162308506880974e+17,4187,222404058,2488,1871507441,14534100000000,24848100578,fail
73,256 40,12 24,3,60,10418643.824867755,4.1655106133363296e+17,4187,222575156,2488,1871507441,16149000000000,24848100578,fail
74,256 44,12 20,3,60,10418643.824867755,4.169993562373827e+17,4187,222814693,2488,1871507441,17763900000000,24848100578,fail
75,256 48,12 16,3,60,10418643.824867755,4.176717985930075e+17,4187,223173998,2488,1871507441,19378800000000,24848100578,fail
76,256 52,12 12,3,60,10418643.824867755,4.18792535852382e+17,4187,223772840,2488,1871507441,20993700000000,24848100578,fail
77,256 56,12 8,3,60,10418643.824867755,4.21034010371131e+17,4187,224970524,2488,1871507441,22608600000000,24848100578,fail
78,256 16,13 48,2,61,2799447.4758716053,4.4542267947957357e+17,2149,222441340,1302,2002427599,6459620000000,27134119730,fail
79,256 20,13 44,2,61,2799447.4758716053,4.455316920021685e+17,2149,222495780,1302,2002427599,8074520000000,27134119730,fail
80,256 24,13 40,2,61,2799447.4758716053,4.456625070292825e+17,2149,222561108,1302,2002427599,9689420000000,27134119730,fail
81,256 28,13 36,2,61,2799447.4758716053,4.458223920624217e+17,2149,222640954,1302,2002427599,11304300000000,27134119730,fail
82,256 32,13 32,2,61,2799447.4758716053,4.460222483538458e+17,2149,222740761,1302,2002427599,12919200000000,27134119730,fail
83,256 36,13 28,2,61,2799447.4758716053,4.462792064428196e+17,2149,222869084,1302,2002427599,14534100000000,27134119730,fail
84,256 40,13 24,2,61,2799447.4758716053,4.46621817228118e+17,2149,223040182,1302,2002427599,16149000000000,27134119730,fail
85,256 44,13 20,2,61,2799447.4758716053,4.4710147232753574e+17,2149,223279719,1302,2002427599,17763900000000,27134119730,fail
86,256 48,13 16,2,61,2799447.4758716053,4.478209549766625e+17,2149,223639024,1302,2002427599,19378800000000,27134119730,fail
87,256 52,13 12,2,61,2799447.4758716053,4.49020092725207e+17,2149,224237866,1302,2002427599,20993700000000,27134119730,fail
88,256 56,13 8,2,61,2799447.4758716053,4.5141836822229594e+17,2149,225435550,1302,2002427599,22608600000000,27134119730,fail
89,256 16,14 48,1,62,12986.899205455,4.755367974919654e+17,110,222906366,117,2133347757,6459620000000,29420138882,fail
90,256 20,14 44,1,62,12986.899205455,4.7565293733175763e+17,110,222960806,117,2133347757,8074520000000,29420138882,fail
91,256 24,14 40,1,62,12986.899205455,4.757923051395083e+17,110,223026135,117,2133347757,9689420000000,29420138882,fail
92,256 28,14 36,1,62,12986.899205455,4.759626435712035e+17,110,223105980,117,2133347757,11304300000000,29420138882,fail
93,256 32,14 32,1,62,12986.899205455,4.761755666108226e+17,110,223205787,117,2133347757,12919200000000,29420138882,fail
94,256 36,14 28,1,62,12986.899205455,4.7644932480461856e+17,110,223334110,117,2133347757,14534100000000,29420138882,fail
95,256 40,14 24,1,62,12986.899205455,4.768143357296798e+17,110,223505208,117,2133347757,16149000000000,29420138882,fail
96,256 44,14 20,1,62,12986.899205455,4.773253510247656e+17,110,223744745,117,2133347757,17763900000000,29420138882,fail
97,256 48,14 16,1,62,12986.899205455,4.7809187396739424e+17,110,224104050,117,2133347757,19378800000000,29420138882,fail
98,256 52,14 12,1,62,12986.899205455,4.7936941220510874e+17,110,224702892,117,2133347757,20993700000000,29420138882,fail
99,256 56,14 8,1,62,12986.899205455,4.819244886805376e+17,110,225900576,117,2133347757,22608600000000,29420138882,fail
100,256 16,15 48,1,62,12986.899205455,4.755367974919654e+17,110,222906366,117,2133347757,6459620000000,29420138882,fail
101,256 20,15 44,1,62,12986.899205455,4.7565293733175763e+17,110,222960806,117,2133347757,8074520000000,29420138882,fail
102,256 24,15 40,1,62,12986.899205455,4.757923051395083e+17,110,223026135,117,2133347757,9689420000000,29420138882,fail
103,256 28,15 36,1,62,12986.899205455,4.759626435712035e+17,110,223105980,117,2133347757,11304300000000,29420138882,fail
104,256 32,15 32,1,62,12986.899205455,4.761755666108226e+17,110,223205787,117,2133347757,12919200000000,29420138882,fail
105,256 36,15 28,1,62,12986.899205455,4.7644932480461856e+17,110,223334110,117,2133347757,14534100000000,29420138882,fail
106,256 40,15 24,1,62,12986.899205455,4.768143357296798e+17,110,223505208,117,2133347757,16149000000000,29420138882,fail
107,256 44,15 20,1,62,12986.899205455,4.773253510247656e+17,110,223744745,117,2133347757,17763900000000,29420138882,fail
108,256 48,15 16,1,62,12986.899205455,4.7809187396739424e+17,110,224104050,117,2133347757,19378800000000,29420138882,fail
109,256 52,15 12,1,62,12986.899205455,4.7936941220510874e+17,110,224702892,117,2133347757,20993700000000,29420138882,fail
110,256 56,15 8,1,62,12986.899205455,4.819244886805376e+17,110,225900576,117,2133347757,22608600000000,29420138882,fail
111,256 16,16 48,1,62,12986.899205455,4.755367974919654e+17,110,222906366,117,2133347757,6459620000000,29420138882,fail
112,256 20,16 44,1,62,12986.899205455,4.7565293733175763e+17,110,222960806,117,2133347757,8074520000000,29420138882,fail
113,256 24,16 40,1,62,12986.899205455,4.757923051395083e+17,110,223026135,117,2133347757,9689420000000,29420138882,fail
114,256 28,16 36,1,62,12986.899205455,4.759626435712035e+17,110,223105980,117,2133347757,11304300000000,29420138882,fail
115,256 32,16 32,1,62,12986.899205455,4.761755666108226e+17,110,223205787,117,2133347757,12919200000000,29420138882,fail
116,256 36,16 28,1,62,12986.899205455,4.7644932480461856e+17,110,223334110,117,2133347757,14534100000000,29420138882,fail
117,256 40,16 24,1,62,12986.899205455,4.768143357296798e+17,110,223505208,117,2133347757,16149000000000,29420138882,fail
118,256 44,16 20,1,62,12986.899205455,4.773253510247656e+17,110,223744745,117,2133347757,17763900000000,29420138882,fail
119,256 48,16 16,1,62,12986.899205455,4.7809187396739424e+17,110,224104050,117,2133347757,19378800000000,29420138882,fail
120,256 52,16 12,1,62,12986.899205455,4.7936941220510874e+17,110,224702892,117,2133347757,20993700000000,29420138882,fail
121,256 56,16 8,1,62,12986.899205455,4.819244886805376e+17,110,225900576,117,2133347757,22608600000000,29420138882,fail
122,256 16,17 48,1,62,12986.899205455,4.755367974919654e+17,110,222906366,117,2133347757,6459620000000,29420138882,fail
123,256 20,17 44,1,62,12986.899205455,4.7565293733175763e+17,110,222960806,117,2133347757,8074520000000,29420138882,fail
124,256 24,17 40,1,62,12986.899205455,4.757923051395083e+17,110,223026135,117,2133347757,9689420000000,29420138882,fail
125,256 28,17 36,1,62,12986.899205455,4.759626435712035e+17,110,223105980,117,2133347757,11304300000000,29420138882,fail
126,256 32,17 32,1,62,12986.899205455,4.761755666108226e+17,110,223205787,117,2133347757,12919200000000,29420138882,fail
127,256 36,17 28,1,62,12986.899205455,4.7644932480461856e+17,110,223334110,117,2133347757,14534100000000,29420138882,fail
128,256 40,17 24,1,62,12986.899205455,4.768143357296798e+17,110,223505208,117,2133347757,16149000000000,29420138882,fail
129,256 44,17 20,1,62,12986.899205455,4.773253510247656e+17,110,223744745,117,2133347757,17763900000000,29420138882,fail
130,256 48,17 16,1,62,12986.899205455,4.7809187396739424e+17,110,224104050,117,2133347757,19378800000000,29420138882,fail
131,256 52,17 12,1,62,12986.899205455,4.7936941220510874e+17,110,224702892,117,2133347757,20993700000000,29420138882,fail
132,256 56,17 8,1,62,12986.899205455,4.819244886805376e+17,110,225900576,117,2133347757,22608600000000,29420138882,fail
133,256 16,18 48,1,62,12986.899205455,4.755367974919654e+17,110,222906366,117,2133347757,6459620000000,29420138882,fail
134,256 20,18 44,1,62,12986.899205455,4.7565293733175763e+17,110,222960806,117,2133347757,8074520000000,29420138882,fail
135,256 24,18 40,1,62,12986.899205455,4.757923051395083e+17,110,223026135,117,2133347757,9689420000000,29420138882,fail
136,256 28,18 36,1,62,12986.899205455,4.759626435712035e+17,110,223105980,117,2133347757,11304300000000,29420138882,fail
137,256 32,18 32,1,62,12986.899205455,4.761755666108226e+17,110,223205787,117,2133347757,12919200000000,29420138882,fail
138,256 36,18 28,1,62,12986.899205455,4.7644932480461856e+17,110,223334110,117,2133347757,14534100000000,29420138882,fail
139,256 40,18 24,1,62,12986.899205455,4.768143357296798e+17,110,223505208,117,2133347757,16149000000000,29420138882,fail
140,256 44,18 20,1,62,12986.899205455,4.773253510247656e+17,110,223744745,117,2133347757,17763900000000,29420138882,fail
141,256 48,18 16,1,62,12986.899205455,4.7809187396739424e+17,110,224104050,117,2133347757,19378800000000,29420138882,fail
142,256 52,18 12,1,62,12986.899205455,4.7936941220510874e+17,110,224702892,117,2133347757,20993700000000,29420138882,fail
143,256 56,18 8,1,62,12986.899205455,4.819244886805376e+17,110,225900576,117,2133347757,22608600000000,29420138882,fail
144,256 16,19 48,1,62,12986.899205455,4.755367974919654e+17,110,222906366,117,2133347757,6459620000000,29420138882,fail
145,256 20,19 44,1,62,12986.899205455,4.7565293733175763e+17,110,222960806,117,2133347757,8074520000000,29420138882,fail
146,256 24,19 40,1,62,12986.899205455,4.757923051395083e+17,110,223026135,117,2133347757,9689420000000,29420138882,fail
147,256 28,19 36,1,62,12986.899205455,4.759626435712035e+17,110,223105980,117,2133347757,11304300000000,29420138882,fail
148,256 32,19 32,1,62,12986.899205455,4.761755666108226e+17,110,223205787,117,2133347757,12919200000000,29420138882,fail
149,256 36,19 28,1,62,12986.899205455,4.7644932480461856e+17,110,223334110,117,2133347757,14534100000000,29420138882,fail
150,256 40,19 24,1,62,12986.899205455,4.768143357296798e+17,110,223505208,117,2133347757,16149000000000,29420138882,fail
151,256 44,19 20,1,62,12986.899205455,4.773253510247656e+17,110,223744745,117,2133347757,17763900000000,29420138882,fail
152,256 48,19 16,1,62,12986.899205455,4.7809187396739424e+17,110,224104050,117,2133347757,19378800000000,29420138882,fail
153,256 52,19 12,1,62,12986.899205455,4.7936941220510874e+17,110,224702892,117,2133347757,20993700000000,29420138882,fail
154,256 56,19 8,1,62,12986.899205455,4.819244886805376e+17,110,225900576,117,2133347757,22608600000000,29420138882,fail
155,256 16,20 48,1,62,12986.899205455,4.755367974919654e+17,110,222906366,117,2133347757,6459620000000,29420138882,fail
156,256 20,20 44,1,62,12986.899205455,4.7565293733175763e+17,110,222960806,117,2133347757,8074520000000,29420138882,fail
157,256 24,20 40,1,62,12986.899205455,4.757923051395083e+17,110,223026135,117,2133347757,9689420000000,29420138882,fail
158,256 28,20 36,1,62,12986.899205455,4.759626435712035e+17,110,223105980,117,2133347757,11304300000000,29420138882,fail
159,256 32,20 32,1,62,12986.899205455,4.761755666108226e+17,110,223205787,117,2133347757,12919200000000,29420138882,fail
160,256 36,20 28,1,62,12986.899205455,4.7644932480461856e+17,110,223334110,117,2133347757,14534100000000,29420138882,fail
161,256 40,20 24,1,62,12986.899205455,4.768143357296798e+17,110,223505208,117,2133347757,16149000000000,29420138882,fail
162,256 44,20 20,1,62,12986.899205455,4.773253510247656e+17,110,223744745,117,2133347757,17763900000000,29420138882,fail
163,256 48,20 16,1,62,12986.899205455,4.7809187396739424e+17,110,224104050,117,2133347757,19378800000000,29420138882,fail
164,256 52,20 12,1,62,12986.899205455,4.7936941220510874e+17,110,224702892,117,2133347757,20993700000000,29420138882,fail
165,256 56,20 8,1,62,12986.899205455,4.819244886805376e+17,110,225900576,117,2133347757,22608600000000,29420138882,fail
166,256 16,21 48,1,62,12986.899205455,4.755367974919654e+17,110,222906366,117,2133347757,6459620000000,29420138882,fail
167,256 20,21 44,1,62,12986.899205455,4.7565293733175763e+17,110,222960806,117,2133347757,8074520000000,29420138882,fail
168,256 24,21 40,1,62,12986.899205455,4.757923051395083e+17,110,223026135,117,2133347757,9689420000000,29420138882,fail
169,256 28,21 36,1,62,12986.899205455,4.759626435712035e+17,110,223105980,117,2133347757,11304300000000,29420138882,fail
170,256 32,21 32,1,62,12986.899205455,4.761755666108226e+17,110,223205787,117,2133347757,12919200000000,29420138882,fail
171,256 36,21 28,1,62,12986.899205455,4.7644932480461856e+17,110,223334110,117,2133347757,14534100000000,29420138882,fail
172,256 40,21 24,1,62,12986.899205455,4.768143357296798e+17,110,223505208,117,2133347757,16149000000000,29420138882,fail
173,256 44,21 20,1,62,12986.899205455,4.773253510247656e+17,110,223744745,117,2133347757,17763900000000,29420138882,fail
174,256 48,21 16,1,62,12986.899205455,4.7809187396739424e+17,110,224104050,117,2133347757,19378800000000,29420138882,fail
175,256 52,21 12,1,62,12986.899205455,4.7936941220510874e+17,110,224702892,117,2133347757,20993700000000,29420138882,fail
176,256 56,21 8,1,62,12986.899205455,4.819244886805376e+17,110,225900576,117,2133347757,22608600000000,29420138882,fail
177,256 16,22 48,1,62,12986.899205455,4.755367974919654e+17,110,222906366,117,2133347757,6459620000000,29420138882,fail
178,256 20,22 44,1,62,12986.899205455,4.7565293733175763e+17,110,222960806,117,2133347757,8074520000000,29420138882,fail
179,256 24,22 40,1,62,12986.899205455,4.757923051395083e+17,110,223026135,117,2133347757,9689420000000,29420138882,fail
180,256 28,22 36,1,62,12986.899205455,4.759626435712035e+17,110,223105980,117,2133347757,11304300000000,29420138882,fail
181,256 32,22 32,1,62,12986.899205455,4.761755666108226e+17,110,223205787,117,2133347757,12919200000000,29420138882,fail
182,256 36,22 28,1,62,12986.899205455,4.7644932480461856e+17,110,223334110,117,2133347757,14534100000000,29420138882,fail
183,256 40,22 24,1,62,12986.899205455,4.768143357296798e+17,110,223505208,117,2133347757,16149000000000,29420138882,fail
184,256 44,22 20,1,62,12986.899205455,4.773253510247656e+17,110,223744745,117,2133347757,17763900000000,29420138882,fail
185,256 48,22 16,1,62,12986.899205455,4.7809187396739424e+17,110,224104050,117,2133347757,19378800000000,29420138882,fail
186,256 52,22 12,1,62,12986.899205455,4.7936941220510874e+17,110,224702892,117,2133347757,20993700000000,29420138882,fail
187,256 56,22 8,1,62,12986.899205455,4.819244886805376e+17,110,225900576,117,2133347757,22608600000000,29420138882,fail
188,256 16,23 48,1,62,12986.899205455,4.755367974919654e+17,110,222906366,117,2133347757,6459620000000,29420138882,fail
189,256 20,23 44,1,62,12986.899205455,4.7565293733175763e+17,110,222960806,117,2133347757,8074520000000,29420138882,fail
190,256 24,23 40,1,62,12986.899205455,4.757923051395083e+17,110,223026135,117,2133347757,9689420000000,29420138882,fail
191,256 28,23 36,1,62,12986.899205455,4.759626435712035e+17,110,223105980,117,2133347757,11304300000000,29420138882,fail
192,256 32,23 32,1,62,12986.899205455,4.761755666108226e+17,110,223205787,117,2133347757,12919200000000,29420138882,fail
193,256 36,23 28,1,62,12986.899205455,4.7644932480461856e+17,110,223334110,117,2133347757,14534100000000,29420138882,fail
194,256 40,23 24,1,62,12986.899205455,4.768143357296798e+17,110,223505208,117,2133347757,16149000000000,29420138882,fail
195,256 44,23 20,1,62,12986.899205455,4.773253510247656e+17,110,223744745,117,2133347757,17763900000000,29420138882,fail
196,256 48,23 16,1,62,12986.899205455,4.7809187396739424e+17,110,224104050,117,2133347757,19378800000000,29420138882,fail
197,256 52,23 12,1,62,12986.899205455,4.7936941220510874e+17,110,224702892,117,2133347757,20993700000000,29420138882,fail
198,256 56,23 8,1,62,12986.899205455,4.819244886805376e+17,110,225900576,117,2133347757,22608600000000,29420138882,fail
199,256 16,24 48,1,62,12986.899205455,4.755367974919654e+17,110,222906366,117,2133347757,6459620000000,29420138882,fail
200,256 20,24 44,1,62,12986.899205455,4.7565293733175763e+17,110,222960806,117,2133347757,8074520000000,29420138882,fail
201,256 24,24 40,1,62,12986.899205455,4.757923051395083e+17,110,223026135,117,2133347757,9689420000000,29420138882,fail
202,256 28,24 36,1,62,12986.899205455,4.759626435712035e+17,110,223105980,117,2133347757,11304300000000,29420138882,fail
203,256 32,24 32,1,62,12986.899205455,4.761755666108226e+17,110,223205787,117,2133347757,12919200000000,29420138882,fail
204,256 36,24 28,1,62,12986.899205455,4.7644932480461856e+17,110,223334110,117,2133347757,14534100000000,29420138882,fail
205,256 40,24 24,1,62,12986.899205455,4.768143357296798e+17,110,223505208,117,2133347757,16149000000000,29420138882,fail
206,256 44,24 20,1,62,12986.899205455,4.773253510247656e+17,110,223744745,117,2133347757,17763900000000,29420138882,fail
207,256 48,24 16,1,62,12986.899205455,4.7809187396739424e+17,110,224104050,117,2133347757,19378800000000,29420138882,fail
208,256 52,24 12,1,62,12986.899205455,4.7936941220510874e+17,110,224702892,117,2133347757,20993700000000,29420138882,fail
209,256 56,24 8,1,62,12986.899205455,4.819244886805376e+17,110,225900576,117,2133347757,22608600000000,29420138882,fail
210,384 16,6 48,10,53,419620904.71008253,2.436327132563862e+17,23772,211751517,17651,1150559465,9664790000000,19315271616,pass
211,384 20,6 44,10,53,419620904.71008253,2.4369534992288403e+17,23772,211805958,17651,1150559465,12081000000000,19315271616,pass
212,384 24,6 40,10,53,419620904.71008253,2.437705139226816e+17,23772,211871286,17651,1150559465,14497100000000,19315271616,pass
213,384 28,6 36,10,53,419620904.71008253,2.4386238103354518e+17,23772,211951131,17651,1150559465,16913300000000,19315271616,pass
214,384 32,6 32,10,53,419620904.71008253,2.4397721492212467e+17,23772,212050938,17651,1150559465,19329500000000,19315271616,pass
215,384 36,6 28,10,53,419620904.71008253,2.4412485849315546e+17,23772,212179262,17651,1150559465,21745700000000,19315271616,pass
216,384 40,6 24,10,53,419620904.71008253,2.4432171658786317e+17,23772,212350359,17651,1150559465,24161900000000,19315271616,pass
217,384 44,6 20,10,53,419620904.71008253,2.4459731792045392e+17,23772,212589896,17651,1150559465,26578000000000,19315271616,pass
218,384 48,6 16,10,53,419620904.71008253,2.450107199193401e+17,23772,212949201,17651,1150559465,28994200000000,19315271616,pass
219,384 52,6 12,10,53,419620904.71008253,2.4569972325081706e+17,23772,213548043,17651,1150559465,31410400000000,19315271616,pass
220,384 56,6 8,10,53,419620904.71008253,2.4707772991377094e+17,23772,214745727,17651,1150559465,33826600000000,19315271616,pass
221,384 16,7 48,9,54,255266320.3118008,2.89479783471619e+17,17903,213609382,14258,1355182903,9664790000000,20209800849,pass
222,384 20,7 44,9,54,255266320.3118008,2.8955355987528774e+17,17903,213663822,14258,1355182903,12081000000000,20209800849,pass
223,384 24,7 40,9,54,255266320.3118008,2.896420915596903e+17,17903,213729151,14258,1355182903,14497100000000,20209800849,pass
224,384 28,7 36,9,54,255266320.3118008,2.897502969517379e+17,17903,213808996,14258,1355182903,16913300000000,20209800849,pass
225,384 32,7 32,9,54,255266320.3118008,2.898855536917974e+17,17903,213908803,14258,1355182903,19329500000000,20209800849,pass
226,384 36,7 28,9,54,255266320.3118008,2.90059455214731e+17,17903,214037126,14258,1355182903,21745700000000,20209800849,pass
227,384 40,7 24,9,54,255266320.3118008,2.902913239119758e+17,17903,214208224,14258,1355182903,24161900000000,20209800849,pass
228,384 44,7 20,9,54,255266320.3118008,2.9061594008811846e+17,17903,214447761,14258,1355182903,26578000000000,20209800849,pass
229,384 48,7 16,9,54,255266320.3118008,2.911028643523326e+17,17903,214807066,14258,1355182903,28994200000000,20209800849,pass
230,384 52,7 12,9,54,255266320.3118008,2.9191440479268934e+17,17903,215405908,14258,1355182903,31410400000000,20209800849,pass
231,384 56,7 8,9,54,255266320.3118008,2.9353748567340294e+17,17903,216603592,14258,1355182903,33826600000000,20209800849,pass
232,384 16,8 48,6,57,67984527.35453351,3.518496586119018e+17,9098,219182977,7471,1605278216,9664790000000,21303114357,pass
233,384 20,8 44,6,57,67984527.35453351,3.519370502498906e+17,9098,219237417,7471,1605278216,12081000000000,21303114357,pass
234,384 24,8 40,6,57,67984527.35453351,3.520419202154772e+17,9098,219302745,7471,1605278216,14497100000000,21303114357,pass
235,384 28,8 36,6,57,67984527.35453351,3.521700946178607e+17,9098,219382591,7471,1605278216,16913300000000,21303114357,pass
236,384 32,8 32,6,57,67984527.35453351,3.523303126208401e+17,9098,219482398,7471,1605278216,19329500000000,21303114357,pass
237,384 36,8 28,6,57,67984527.35453351,3.525363071960994e+17,9098,219610721,7471,1605278216,21745700000000,21303114357,pass
238,384 40,8 24,6,57,67984527.35453351,3.528109666297784e+17,9098,219781819,7471,1605278216,24161900000000,21303114357,pass
239,384 44,8 20,6,57,67984527.35453351,3.53195489836929e+17,9098,220021355,7471,1605278216,26578000000000,21303114357,pass
240,384 48,8 16,6,57,67984527.35453351,3.5377227464765504e+17,9098,220380661,7471,1605278216,28994200000000,21303114357,pass
241,384 52,8 12,6,57,67984527.35453351,3.547335826655316e+17,9098,220979503,7471,1605278216,31410400000000,21303114357,pass
242,384 56,8 8,6,57,67984527.35453351,3.566561987012848e+17,9098,222177187,7471,1605278216,33826600000000,21303114357,pass
243,384 16,9 48,4,59,17254847.03979853,3.8555973127602016e+17,4696,221511288,3673,1740587283,9664790000000,22562081426,fail
244,384 20,9 44,4,59,17254847.03979853,3.856544891642207e+17,4696,221565728,3673,1740587283,12081000000000,22562081426,fail
245,384 24,9 40,4,59,17254847.03979853,3.857681986300611e+17,4696,221631056,3673,1740587283,14497100000000,22562081426,fail
246,384 28,9 36,4,59,17254847.03979853,3.859071768660883e+17,4696,221710902,3673,1740587283,16913300000000,22562081426,fail
247,384 32,9 32,4,59,17254847.03979853,3.860808996611224e+17,4696,221810709,3673,1740587283,19329500000000,22562081426,fail
248,384 36,9 28,4,59,17254847.03979853,3.8630425754045203e+17,4696,221939032,3673,1740587283,21745700000000,22562081426,fail
249,384 40,9 24,4,59,17254847.03979853,3.866020680462247e+17,4696,222110130,3673,1740587283,24161900000000,22562081426,fail
250,384 44,9 20,4,59,17254847.03979853,3.870190027543065e+17,4696,222349666,3673,1740587283,26578000000000,22562081426,fail
251,384 48,9 16,4,59,17254847.03979853,3.8764440481642925e+17,4696,222708972,3673,1740587283,28994200000000,22562081426,fail
252,384 52,9 12,4,59,17254847.03979853,3.886867415866338e+17,4696,223307814,3673,1740587283,31410400000000,22562081426,fail
253,384 56,9 8,4,59,17254847.03979853,3.907714151270428e+17,4696,224505498,3673,1740587283,33826600000000,22562081426,fail
254,384 16,10 48,4,59,17254847.03979853,3.8555973127602016e+17,4696,221511288,3673,1740587283,9664790000000,22562081426,fail
255,384 20,10 44,4,59,17254847.03979853,3.856544891642207e+17,4696,221565728,3673,1740587283,12081000000000,22562081426,fail
256,384 24,10 40,4,59,17254847.03979853,3.857681986300611e+17,4696,221631056,3673,1740587283,14497100000000,22562081426,fail
257,384 28,10 36,4,59,17254847.03979853,3.859071768660883e+17,4696,221710902,3673,1740587283,16913300000000,22562081426,fail
258,384 32,10 32,4,59,17254847.03979853,3.860808996611224e+17,4696,221810709,3673,1740587283,19329500000000,22562081426,fail
259,384 36,10 28,4,59,17254847.03979853,3.8630425754045203e+17,4696,221939032,3673,1740587283,21745700000000,22562081426,fail
260,384 40,10 24,4,59,17254847.03979853,3.866020680462247e+17,4696,222110130,3673,1740587283,24161900000000,22562081426,fail
261,384 44,10 20,4,59,17254847.03979853,3.870190027543065e+17,4696,222349666,3673,1740587283,26578000000000,22562081426,fail
262,384 48,10 16,4,59,17254847.03979853,3.8764440481642925e+17,4696,222708972,3673,1740587283,28994200000000,22562081426,fail
263,384 52,10 12,4,59,17254847.03979853,3.886867415866338e+17,4696,223307814,3673,1740587283,31410400000000,22562081426,fail
264,384 56,10 8,4,59,17254847.03979853,3.907714151270428e+17,4696,224505498,3673,1740587283,33826600000000,22562081426,fail
265,384 16,11 48,3,60,7883008.497020007,4.154303240742585e+17,3168,221976314,2488,1871507441,9664790000000,24848100578,fail
266,384 20,11 44,3,60,7883008.497020007,4.1553220927965626e+17,3168,222030754,2488,1871507441,12081000000000,24848100578,fail
267,384 24,11 40,3,60,7883008.497020007,4.156544715261334e+17,3168,222096082,2488,1871507441,14497100000000,24848100578,fail
268,384 28,11 36,3,60,7883008.497020007,4.158039031607167e+17,3168,222175928,2488,1871507441,16913300000000,24848100578,fail
269,384 32,11 32,3,60,7883008.497020007,4.159906927039457e+17,3168,222275735,2488,1871507441,19329500000000,24848100578,fail
270,384 36,11 28,3,60,7883008.497020007,4.162308506880974e+17,3168,222404058,2488,1871507441,21745700000000,24848100578,fail
271,384 40,11 24,3,60,7883008.497020007,4.1655106133363296e+17,3168,222575156,2488,1871507441,24161900000000,24848100578,fail
272,384 44,11 20,3,60,7883008.497020007,4.169993562373827e+17,3168,222814693,2488,1871507441,26578000000000,24848100578,fail
273,384 48,11 16,3,60,7883008.497020007,4.176717985930075e+17,3168,223173998,2488,1871507441,28994200000000,24848100578,fail
274,384 52,11 12,3,60,7883008.497020007,4.18792535852382e+17,3168,223772840,2488,1871507441,31410400000000,24848100578,fail
275,384 56,11 8,3,60,7883008.497020007,4.21034010371131e+17,3168,224970524,2488,1871507441,33826600000000,24848100578,fail
276,384 16,12 48,3,60,8818840.11603434,4.329505971790232e+17,3106,221970894,2838,1950483636,9664790000000,26239590497,fail
277,384 20,12 44,3,60,8818840.11603434,4.3305678186284666e+17,3106,222025334,2838,1950483636,12081000000000,26239590497,fail
278,384 24,12 40,3,60,8818840.11603434,4.3318420348343456e+17,3106,222090662,2838,1950483636,14497100000000,26239590497,fail
279,384 28,12 36,3,60,8818840.11603434,4.3333994101970874e+17,3106,222170508,2838,1950483636,16913300000000,26239590497,fail
280,384 32,12 32,3,60,8818840.11603434,4.335346129400515e+17,3106,222270315,2838,1950483636,19329500000000,26239590497,fail
281,384 36,12 28,3,60,8818840.11603434,4.337849054090636e+17,3106,222398638,2838,1950483636,21745700000000,26239590497,fail
282,384 40,12 24,3,60,8818840.11603434,4.3411862870107974e+17,3106,222569736,2838,1950483636,24161900000000,26239590497,fail
283,384 44,12 20,3,60,8818840.11603434,4.345858413099022e+17,3106,222809273,2838,1950483636,26578000000000,26239590497,fail
284,384 48,12 16,3,60,8818840.11603434,4.352866602231362e+17,3106,223168578,2838,1950483636,28994200000000,26239590497,fail
285,384 52,12 12,3,60,8818840.11603434,4.364546917451927e+17,3106,223767420,2838,1950483636,31410400000000,26239590497,fail
286,384 56,12 8,3,60,8818840.11603434,4.387907547893056e+17,3106,224965104,2838,1950483636,33826600000000,26239590497,fail
287,384 16,13 48,2,61,2608782.359195765,4.629789689970408e+17,1578,222435920,1652,2081403794,9664790000000,28525609649,fail
288,384 20,13 44,2,61,2608782.359195765,4.630922809980614e+17,1578,222490360,1652,2081403794,12081000000000,28525609649,fail
289,384 24,13 40,2,61,2608782.359195765,4.632282553992861e+17,1578,222555688,1652,2081403794,14497100000000,28525609649,fail
290,384 28,13 36,2,61,2608782.359195765,4.633944463341163e+17,1578,222635534,1652,2081403794,16913300000000,28525609649,fail
291,384 32,13 32,2,61,2608782.359195765,4.63602185002654e+17,1578,222735341,1652,2081403794,19329500000000,28525609649,fail
292,384 36,13 28,2,61,2608782.359195765,4.638692775764882e+17,1578,222863664,1652,2081403794,21745700000000,28525609649,fail
293,384 40,13 24,2,61,2608782.359195765,4.6422540100826726e+17,1578,223034762,1652,2081403794,24161900000000,28525609649,fail
294,384 44,13 20,2,61,2608782.359195765,4.647239738127577e+17,1578,223274299,1652,2081403794,26578000000000,28525609649,fail
295,384 48,13 16,2,61,2608782.359195765,4.654718330194937e+17,1578,223633604,1652,2081403794,28994200000000,28525609649,fail
296,384 52,13 12,2,61,2608782.359195765,4.667182650307201e+17,1578,224232446,1652,2081403794,31410400000000,28525609649,fail
297,384 56,13 8,2,61,2608782.359195765,4.69211129053173e+17,1578,225430130,1652,2081403794,33826600000000,28525609649,fail
298,384 16,14 48,1,62,12986.899205455,4.755367974919654e+17,110,222906366,117,2133347757,9664790000000,29420138882,fail
299,384 20,14 44,1,62,12986.899205455,4.7565293733175763e+17,110,222960806,117,2133347757,12081000000000,29420138882,fail
300,384 24,14 40,1,62,12986.899205455,4.757923051395083e+17,110,223026135,117,2133347757,14497100000000,29420138882,fail
301,384 28,14 36,1,62,12986.899205455,4.759626435712035e+17,110,223105980,117,2133347757,16913300000000,29420138882,fail
302,384 32,14 32,1,62,12986.899205455,4.761755666108226e+17,110,223205787,117,2133347757,19329500000000,29420138882,fail
303,384 36,14 28,1,62,12986.899205455,4.7644932480461856e+17,110,223334110,117,2133347757,21745700000000,29420138882,fail
304,384 40,14 24,1,62,12986.899205455,4.768143357296798e+17,110,223505208,117,2133347757,24161900000000,29420138882,fail
305,384 44,14 20,1,62,12986.899205455,4.773253510247656e+17,110,223744745,117,2133347757,26578000000000,29420138882,fail
306,384 48,14 16,1,62,12986.899205455,4.7809187396739424e+17,110,224104050,117,2133347757,28994200000000,29420138882,fail
307,384 52,14 12,1,62,12986.899205455,4.7936941220510874e+17,110,224702892,117,2133347757,31410400000000,29420138882,fail
308,384 56,14 8,1,62,12986.899205455,4.819244886805376e+17,110,225900576,117,2133347757,33826600000000,29420138882,fail
309,384 16,15 48,1,62,12986.899205455,4.755367974919654e+17,110,222906366,117,2133347757,9664790000000,29420138882,fail
310,384 20,15 44,1,62,12986.899205455,4.7565293733175763e+17,110,222960806,117,2133347757,12081000000000,29420138882,fail
311,384 24,15 40,1,62,12986.899205455,4.757923051395083e+17,110,223026135,117,2133347757,14497100000000,29420138882,fail
312,384 28,15 36,1,62,12986.899205455,4.759626435712035e+17,110,223105980,117,2133347757,16913300000000,29420138882,fail
313,384 32,15 32,1,62,12986.899205455,4.761755666108226e+17,110,223205787,117,2133347757,19329500000000,29420138882,fail
314,384 36,15 28,1,62,12986.899205455,4.7644932480461856e+17,110,223334110,117,2133347757,21745700000000,29420138882,fail
315,384 40,15 24,1,62,12986.899205455,4.768143357296798e+17,110,223505208,117,2133347757,24161900000000,29420138882,fail
316,384 44,15 20,1,62,12986.899205455,4.773253510247656e+17,110,223744745,117,2133347757,26578000000000,29420138882,fail
317,384 48,15 16,1,62,12986.899205455,4.7809187396739424e+17,110,224104050,117,2133347757,28994200000000,29420138882,fail
318,384 52,15 12,1,62,12986.899205455,4.7936941220510874e+17,110,224702892,117,2133347757,31410400000000,29420138882,fail
319,384 56,15 8,1,62,12986.899205455,4.819244886805376e+17,110,225900576,117,2133347757,33826600000000,29420138882,fail
320,384 16,16 48,1,62,12986.899205455,4.755367974919654e+17,110,222906366,117,2133347757,9664790000000,29420138882,fail
321,384 20,16 44,1,62,12986.899205455,4.7565293733175763e+17,110,222960806,117,2133347757,12081000000000,29420138882,fail
322,384 24,16 40,1,62,12986.899205455,4.757923051395083e+17,110,223026135,117,2133347757,14497100000000,29420138882,fail
323,384 28,16 36,1,62,12986.899205455,4.759626435712035e+17,110,223105980,117,2133347757,16913300000000,29420138882,fail
324,384 32,16 32,1,62,12986.899205455,4.761755666108226e+17,110,223205787,117,2133347757,19329500000000,29420138882,fail
325,384 36,16 28,1,62,12986.899205455,4.7644932480461856e+17,110,223334110,117,2133347757,21745700000000,29420138882,fail
326,384 40,16 24,1,62,12986.899205455,4.768143357296798e+17,110,223505208,117,2133347757,24161900000000,29420138882,fail
327,384 44,16 20,1,62,12986.899205455,4.773253510247656e+17,110,223744745,117,2133347757,26578000000000,29420138882,fail
328,384 48,16 16,1,62,12986.899205455,4.7809187396739424e+17,110,224104050,117,2133347757,28994200000000,29420138882,fail
329,384 52,16 12,1,62,12986.899205455,4.7936941220510874e+17,110,224702892,117,2133347757,31410400000000,29420138882,fail
330,384 56,16 8,1,62,12986.899205455,4.819244886805376e+17,110,225900576,117,2133347757,33826600000000,29420138882,fail
331,384 16,17 48,1,62,12986.899205455,4.755367974919654e+17,110,222906366,117,2133347757,9664790000000,29420138882,fail
332,384 20,17 44,1,62,12986.899205455,4.7565293733175763e+17,110,222960806,117,2133347757,12081000000000,29420138882,fail
333,384 24,17 40,1,62,12986.899205455,4.757923051395083e+17,110,223026135,117,2133347757,14497100000000,29420138882,fail
334,384 28,17 36,1,62,12986.899205455,4.759626435712035e+17,110,223105980,117,2133347757,16913300000000,29420138882,fail
335,384 32,17 32,1,62,12986.899205455,4.761755666108226e+17,110,223205787,117,2133347757,19329500000000,29420138882,fail
336,384 36,17 28,1,62,12986.899205455,4.7644932480461856e+17,110,223334110,117,2133347757,21745700000000,29420138882,fail
337,384 40,17 24,1,62,12986.899205455,4.768143357296798e+17,110,223505208,117,2133347757,24161900000000,29420138882,fail
338,384 44,17 20,1,62,12986.899205455,4.773253510247656e+17,110,223744745,117,2133347757,26578000000000,29420138882,fail
339,384 48,17 16,1,62,12986.899205455,4.7809187396739424e+17,110,224104050,117,2133347757,28994200000000,29420138882,fail
340,384 52,17 12,1,62,12986.899205455,4.7936941220510874e+17,110,224702892,117,2133347757,31410400000000,29420138882,fail
341,384 56,17 8,1,62,12986.899205455,4.819244886805376e+17,110,225900576,117,2133347757,33826600000000,29420138882,fail
342,384 16,18 48,1,62,12986.899205455,4.755367974919654e+17,110,222906366,117,2133347757,9664790000000,29420138882,fail
343,384 20,18 44,1,62,12986.899205455,4.7565293733175763e+17,110,222960806,117,2133347757,12081000000000,29420138882,fail
344,384 24,18 40,1,62,12986.899205455,4.757923051395083e+17,110,223026135,117,2133347757,14497100000000,29420138882,fail
345,384 28,18 36,1,62,12986.899205455,4.759626435712035e+17,110,223105980,117,2133347757,16913300000000,29420138882,fail
346,384 32,18 32,1,62,12986.899205455,4.761755666108226e+17,110,223205787,117,2133347757,19329500000000,29420138882,fail
347,384 36,18 28,1,62,12986.899205455,4.7644932480461856e+17,110,223334110,117,2133347757,21745700000000,29420138882,fail
348,384 40,18 24,1,62,12986.899205455,4.768143357296798e+17,110,223505208,117,2133347757,24161900000000,29420138882,fail
349,384 44,18 20,1,62,12986.899205455,4.773253510247656e+17,110,223744745,117,2133347757,26578000000000,29420138882,fail
350,384 48,18 16,1,62,12986.899205455,4.7809187396739424e+17,110,224104050,117,2133347757,28994200000000,29420138882,fail
351,384 52,18 12,1,62,12986.899205455,4.7936941220510874e+17,110,224702892,117,2133347757,31410400000000,29420138882,fail
352,384 56,18 8,1,62,12986.899205455,4.819244886805376e+17,110,225900576,117,2133347757,33826600000000,29420138882,fail
353,384 16,19 48,1,62,12986.899205455,4.755367974919654e+17,110,222906366,117,2133347757,9664790000000,29420138882,fail
354,384 20,19 44,1,62,12986.899205455,4.7565293733175763e+17,110,222960806,117,2133347757,12081000000000,29420138882,fail
355,384 24,19 40,1,62,12986.899205455,4.757923051395083e+17,110,223026135,117,2133347757,14497100000000,29420138882,fail
356,384 28,19 36,1,62,12986.899205455,4.759626435712035e+17,110,223105980,117,2133347757,16913300000000,29420138882,fail
357,384 32,19 32,1,62,12986.899205455,4.761755666108226e+17,110,223205787,117,2133347757,19329500000000,29420138882,fail
358,384 36,19 28,1,62,12986.899205455,4.7644932480461856e+17,110,223334110,117,2133347757,21745700000000,29420138882,fail
359,384 40,19 24,1,62,12986.899205455,4.768143357296798e+17,110,223505208,117,2133347757,24161900000000,29420138882,fail
360,384 44,19 20,1,62,12986.899205455,4.773253510247656e+17,110,223744745,117,2133347757,26578000000000,29420138882,fail
361,384 48,19 16,1,62,12986.899205455,4.7809187396739424e+17,110,224104050,117,2133347757,28994200000000,29420138882,fail
362,384 52,19 12,1,62,12986.899205455,4.7936941220510874e+17,110,224702892,117,2133347757,31410400000000,29420138882,fail
363,384 56,19 8,1,62,12986.899205455,4.819244886805376e+17,110,225900576,117,2133347757,33826600000000,29420138882,fail
364,384 16,20 48,1,62,12986.899205455,4.755367974919654e+17,110,222906366,117,2133347757,9664790000000,29420138882,fail
365,384 20,20 44,1,62,12986.899205455,4.7565293733175763e+17,110,222960806,117,2133347757,12081000000000,29420138882,fail
366,384 24,20 40,1,62,12986.899205455,4.757923051395083e+17,110,223026135,117,2133347757,14497100000000,29420138882,fail
367,384 28,20 36,1,62,12986.899205455,4.759626435712035e+17,110,223105980,117,2133347757,16913300000000,29420138882,fail
368,384 32,20 32,1,62,12986.899205455,4.761755666108226e+17,110,223205787,117,2133347757,19329500000000,29420138882,fail
369,384 36,20 28,1,62,12986.899205455,4.7644932480461856e+17,110,223334110,117,2133347757,21745700000000,29420138882,fail
370,384 40,20 24,1,62,12986.899205455,4.768143357296798e+17,110,223505208,117,2133347757,24161900000000,29420138882,fail
371,384 44,20 20,1,62,12986.899205455,4.773253510247656e+17,110,223744745,117,2133347757,26578000000000,29420138882,fail
372,384 48,20 16,1,62,12986.899205455,4.7809187396739424e+17,110,224104050,117,2133347757,28994200000000,29420138882,fail
373,384 52,20 12,1,62,12986.899205455,4.7936941220510874e+17,110,224702892,117,2133347757,31410400000000,29420138882,fail
374,384 56,20 8,1,62,12986.899205455,4.819244886805376e+17,110,225900576,117,2133347757,33826600000000,29420138882,fail
375,384 16,21 48,1,62,12986.899205455,4.755367974919654e+17,110,222906366,117,2133347757,9664790000000,29420138882,fail
376,384 20,21 44,1,62,12986.899205455,4.7565293733175763e+17,110,222960806,117,2133347757,12081000000000,29420138882,fail
377,384 24,21 40,1,62,12986.899205455,4.757923051395083e+17,110,223026135,117,2133347757,14497100000000,29420138882,fail
378,384 28,21 36,1,62,12986.899205455,4.759626435712035e+17,110,223105980,117,2133347757,16913300000000,29420138882,fail
379,384 32,21 32,1,62,12986.899205455,4.761755666108226e+17,110,223205787,117,2133347757,19329500000000,29420138882,fail
380,384 36,21 28,1,62,12986.899205455,4.7644932480461856e+17,110,223334110,117,2133347757,21745700000000,29420138882,fail
381,384 40,21 24,1,62,12986.899205455,4.768143357296798e+17,110,223505208,117,2133347757,24161900000000,29420138882,fail
382,384 44,21 20,1,62,12986.899205455,4.773253510247656e+17,110,223744745,117,2133347757,26578000000000,29420138882,fail
383,384 48,21 16,1,62,12986.899205455,4.7809187396739424e+17,110,224104050,117,2133347757,28994200000000,29420138882,fail
384,384 52,21 12,1,62,12986.899205455,4.7936941220510874e+17,110,224702892,117,2133347757,31410400000000,29420138882,fail
385,384 56,21 8,1,62,12986.899205455,4.819244886805376e+17,110,225900576,117,2133347757,33826600000000,29420138882,fail
386,384 16,22 48,1,62,12986.899205455,4.755367974919654e+17,110,222906366,117,2133347757,9664790000000,29420138882,fail
387,384 20,22 44,1,62,12986.899205455,4.7565293733175763e+17,110,222960806,117,2133347757,12081000000000,29420138882,fail
388,384 24,22 40,1,62,12986.899205455,4.757923051395083e+17,110,223026135,117,2133347757,14497100000000,29420138882,fail
389,384 28,22 36,1,62,12986.899205455,4.759626435712035e+17,110,223105980,117,2133347757,16913300000000,29420138882,fail
390,384 32,22 32,1,62,12986.899205455,4.761755666108226e+17,110,223205787,117,2133347757,19329500000000,29420138882,fail
391,384 36,22 28,1,62,12986.899205455,4.7644932480461856e+17,110,223334110,117,2133347757,21745700000000,29420138882,fail
392,384 40,22 24,1,62,12986.899205455,4.768143357296798e+17,110,223505208,117,2133347757,24161900000000,29420138882,fail
393,384 44,22 20,1,62,12986.899205455,4.773253510247656e+17,110,223744745,117,2133347757,26578000000000,29420138882,fail
394,384 48,22 16,1,62,12986.899205455,4.7809187396739424e+17,110,224104050,117,2133347757,28994200000000,29420138882,fail
395,384 52,22 12,1,62,12986.899205455,4.7936941220510874e+17,110,224702892,117,2133347757,31410400000000,29420138882,fail
396,384 56,22 8,1,62,12986.899205455,4.819244886805376e+17,110,225900576,117,2133347757,33826600000000,29420138882,fail
397,384 16,23 48,1,62,12986.899205455,4.755367974919654e+17,110,222906366,117,2133347757,9664790000000,29420138882,fail
398,384 20,23 44,1,62,12986.899205455,4.7565293733175763e+17,110,222960806,117,2133347757,12081000000000,29420138882,fail
399,384 24,23 40,1,62,12986.899205455,4.757923051395083e+17,110,223026135,117,2133347757,14497100000000,29420138882,fail
400,384 28,23 36,1,62,12986.899205455,4.759626435712035e+17,110,223105980,117,2133347757,16913300000000,29420138882,fail
401,384 32,23 32,1,62,12986.899205455,4.761755666108226e+17,110,223205787,117,2133347757,19329500000000,29420138882,fail
402,384 36,23 28,1,62,12986.899205455,4.7644932480461856e+17,110,223334110,117,2133347757,21745700000000,29420138882,fail
403,384 40,23 24,1,62,12986.899205455,4.768143357296798e+17,110,223505208,117,2133347757,24161900000000,29420138882,fail
404,384 44,23 20,1,62,12986.899205455,4.773253510247656e+17,110,223744745,117,2133347757,26578000000000,29420138882,fail
405,384 48,23 16,1,62,12986.899205455,4.7809187396739424e+17,110,224104050,117,2133347757,28994200000000,29420138882,fail
406,384 52,23 12,1,62,12986.899205455,4.7936941220510874e+17,110,224702892,117,2133347757,31410400000000,29420138882,fail
407,384 56,23 8,1,62,12986.899205455,4.819244886805376e+17,110,225900576,117,2133347757,33826600000000,29420138882,fail
408,384 16,24 48,1,62,12986.899205455,4.755367974919654e+17,110,222906366,117,2133347757,9664790000000,29420138882,fail
409,384 20,24 44,1,62,12986.899205455,4.7565293733175763e+17,110,222960806,117,2133347757,12081000000000,29420138882,fail
410,384 24,24 40,1,62,12986.899205455,4.757923051395083e+17,110,223026135,117,2133347757,14497100000000,29420138882,fail
411,384 28,24 36,1,62,12986.899205455,4.759626435712035e+17,110,223105980,117,2133347757,16913300000000,29420138882,fail
412,384 32,24 32,1,62,12986.899205455,4.761755666108226e+17,110,223205787,117,2133347757,19329500000000,29420138882,fail
413,384 36,24 28,1,62,12986.899205455,4.7644932480461856e+17,110,223334110,117,2133347757,21745700000000,29420138882,fail
414,384 40,24 24,1,62,12986.899205455,4.768143357296798e+17,110,223505208,117,2133347757,24161900000000,29420138882,fail
415,384 44,24 20,1,62,12986.899205455,4.773253510247656e+17,110,223744745,117,2133347757,26578000000000,29420138882,fail
416,384 48,24 16,1,62,12986.899205455,4.7809187396739424e+17,110,224104050,117,2133347757,28994200000000,29420138882,fail
417,384 52,24 12,1,62,12986.899205455,4.7936941220510874e+17,110,224702892,117,2133347757,31410400000000,29420138882,fail
418,384 56,24 8,1,62,12986.899205455,4.819244886805376e+17,110,225900576,117,2133347757,33826600000000,29420138882,fail
419,512 16,6 48,10,53,392584970.47424865,2.436327132563862e+17,22244,211751517,17648,1150559465,12870000000000,19315271616,pass
420,512 20,6 44,10,53,392584970.47424865,2.4369534992288403e+17,22244,211805958,17648,1150559465,16087400000000,19315271616,pass
421,512 24,6 40,10,53,392584970.47424865,2.437705139226816e+17,22244,211871286,17648,1150559465,19304900000000,19315271616,pass
422,512 28,6 36,10,53,392584970.47424865,2.4386238103354518e+17,22244,211951131,17648,1150559465,22522300000000,19315271616,pass
423,512 32,6 32,10,53,392584970.47424865,2.4397721492212467e+17,22244,212050938,17648,1150559465,25739800000000,19315271616,pass
424,512 36,6 28,10,53,392584970.47424865,2.4412485849315546e+17,22244,212179262,17648,1150559465,28957300000000,19315271616,pass
425,512 40,6 24,10,53,392584970.47424865,2.4432171658786317e+17,22244,212350359,17648,1150559465,32174700000000,19315271616,pass
426,512 44,6 20,10,53,392584970.47424865,2.4459731792045392e+17,22244,212589896,17648,1150559465,35392200000000,19315271616,pass
427,512 48,6 16,10,53,392584970.47424865,2.450107199193401e+17,22244,212949201,17648,1150559465,38609600000000,19315271616,pass
428,512 52,6 12,10,53,392584970.47424865,2.4569972325081706e+17,22244,213548043,17648,1150559465,41827100000000,19315271616,pass
429,512 56,6 8,10,53,392584970.47424865,2.4707772991377094e+17,22244,214745727,17648,1150559465,45044500000000,19315271616,pass
430,512 16,7 48,9,54,233431534.0344137,2.89479783471619e+17,16374,213609382,14255,1355182903,12870000000000,20209800849,pass
431,512 20,7 44,9,54,233431534.0344137,2.8955355987528774e+17,16374,213663822,14255,1355182903,16087400000000,20209800849,pass
432,512 24,7 40,9,54,233431534.0344137,2.896420915596903e+17,16374,213729151,14255,1355182903,19304900000000,20209800849,pass
433,512 28,7 36,9,54,233431534.0344137,2.897502969517379e+17,16374,213808996,14255,1355182903,22522300000000,20209800849,pass
434,512 32,7 32,9,54,233431534.0344137,2.898855536917974e+17,16374,213908803,14255,1355182903,25739800000000,20209800849,pass
435,512 36,7 28,9,54,233431534.0344137,2.90059455214731e+17,16374,214037126,14255,1355182903,28957300000000,20209800849,pass
436,512 40,7 24,9,54,233431534.0344137,2.902913239119758e+17,16374,214208224,14255,1355182903,32174700000000,20209800849,pass
437,512 44,7 20,9,54,233431534.0344137,2.9061594008811846e+17,16374,214447761,14255,1355182903,35392200000000,20209800849,pass
438,512 48,7 16,9,54,233431534.0344137,2.911028643523326e+17,16374,214807066,14255,1355182903,38609600000000,20209800849,pass
439,512 52,7 12,9,54,233431534.0344137,2.9191440479268934e+17,16374,215405908,14255,1355182903,41827100000000,20209800849,pass
440,512 56,7 8,9,54,233431534.0344137,2.9353748567340294e+17,16374,216603592,14255,1355182903,45044500000000,20209800849,pass
441,512 16,8 48,6,57,56558839.31057018,3.518496586119018e+17,7570,219182977,7471,1605278216,12870000000000,21303114357,pass
442,512 20,8 44,6,57,56558839.31057018,3.519370502498906e+17,7570,219237417,7471,1605278216,16087400000000,21303114357,pass
443,512 24,8 40,6,57,56558839.31057018,3.520419202154772e+17,7570,219302745,7471,1605278216,19304900000000,21303114357,pass
444,512 28,8 36,6,57,56558839.31057018,3.521700946178607e+17,7570,219382591,7471,1605278216,22522300000000,21303114357,pass
445,512 32,8 32,6,57,56558839.31057018,3.523303126208401e+17,7570,219482398,7471,1605278216,25739800000000,21303114357,pass
446,512 36,8 28,6,57,56558839.31057018,3.525363071960994e+17,7570,219610721,7471,1605278216,28957300000000,21303114357,pass
447,512 40,8 24,6,57,56558839.31057018,3.528109666297784e+17,7570,219781819,7471,1605278216,32174700000000,21303114357,pass
448,512 44,8 20,6,57,56558839.31057018,3.53195489836929e+17,7570,220021355,7471,1605278216,35392200000000,21303114357,pass
449,512 48,8 16,6,57,56558839.31057018,3.5377227464765504e+17,7570,220380661,7471,1605278216,38609600000000,21303114357,pass
450,512 52,8 12,6,57,56558839.31057018,3.547335826655316e+17,7570,220979503,7471,1605278216,41827100000000,21303114357,pass
451,512 56,8 8,6,57,56558839.31057018,3.566561987012848e+17,7570,222177187,7471,1605278216,45044500000000,21303114357,pass
452,512 16,9 48,4,59,11639118.13340316,3.8555973127602016e+17,3168,221511288,3673,1740587283,12870000000000,22562081426,fail
453,512 20,9 44,4,59,11639118.13340316,3.856544891642207e+17,3168,221565728,3673,1740587283,16087400000000,22562081426,fail
454,512 24,9 40,4,59,11639118.13340316,3.857681986300611e+17,3168,221631056,3673,1740587283,19304900000000,22562081426,fail
455,512 28,9 36,4,59,11639118.13340316,3.859071768660883e+17,3168,221710902,3673,1740587283,22522300000000,22562081426,fail
456,512 32,9 32,4,59,11639118.13340316,3.860808996611224e+17,3168,221810709,3673,1740587283,25739800000000,22562081426,fail
457,512 36,9 28,4,59,11639118.13340316,3.8630425754045203e+17,3168,221939032,3673,1740587283,28957300000000,22562081426,fail
458,512 40,9 24,4,59,11639118.13340316,3.866020680462247e+17,3168,222110130,3673,1740587283,32174700000000,22562081426,fail
459,512 44,9 20,4,59,11639118.13340316,3.870190027543065e+17,3168,222349666,3673,1740587283,35392200000000,22562081426,fail
460,512 48,9 16,4,59,11639118.13340316,3.8764440481642925e+17,3168,222708972,3673,1740587283,38609600000000,22562081426,fail
461,512 52,9 12,4,59,11639118.13340316,3.886867415866338e+17,3168,223307814,3673,1740587283,41827100000000,22562081426,fail
462,512 56,9 8,4,59,11639118.13340316,3.907714151270428e+17,3168,224505498,3673,1740587283,45044500000000,22562081426,fail
463,512 16,10 48,4,59,11639118.13340316,3.8555973127602016e+17,3168,221511288,3673,1740587283,12870000000000,22562081426,fail
464,512 20,10 44,4,59,11639118.13340316,3.856544891642207e+17,3168,221565728,3673,1740587283,16087400000000,22562081426,fail
465,512 24,10 40,4,59,11639118.13340316,3.857681986300611e+17,3168,221631056,3673,1740587283,19304900000000,22562081426,fail
466,512 28,10 36,4,59,11639118.13340316,3.859071768660883e+17,3168,221710902,3673,1740587283,22522300000000,22562081426,fail
467,512 32,10 32,4,59,11639118.13340316,3.860808996611224e+17,3168,221810709,3673,1740587283,25739800000000,22562081426,fail
468,512 36,10 28,4,59,11639118.13340316,3.8630425754045203e+17,3168,221939032,3673,1740587283,28957300000000,22562081426,fail
469,512 40,10 24,4,59,11639118.13340316,3.866020680462247e+17,3168,222110130,3673,1740587283,32174700000000,22562081426,fail
470,512 44,10 20,4,59,11639118.13340316,3.870190027543065e+17,3168,222349666,3673,1740587283,35392200000000,22562081426,fail
471,512 48,10 16,4,59,11639118.13340316,3.8764440481642925e+17,3168,222708972,3673,1740587283,38609600000000,22562081426,fail
472,512 52,10 12,4,59,11639118.13340316,3.886867415866338e+17,3168,223307814,3673,1740587283,41827100000000,22562081426,fail
473,512 56,10 8,4,59,11639118.13340316,3.907714151270428e+17,3168,224505498,3673,1740587283,45044500000000,22562081426,fail
474,512 16,11 48,3,60,5347373.169172256,4.154303240742585e+17,2149,221976314,2488,1871507441,12870000000000,24848100578,fail
475,512 20,11 44,3,60,5347373.169172256,4.1553220927965626e+17,2149,222030754,2488,1871507441,16087400000000,24848100578,fail
476,512 24,11 40,3,60,5347373.169172256,4.156544715261334e+17,2149,222096082,2488,1871507441,19304900000000,24848100578,fail
477,512 28,11 36,3,60,5347373.169172256,4.158039031607167e+17,2149,222175928,2488,1871507441,22522300000000,24848100578,fail
478,512 32,11 32,3,60,5347373.169172256,4.159906927039457e+17,2149,222275735,2488,1871507441,25739800000000,24848100578,fail
479,512 36,11 28,3,60,5347373.169172256,4.162308506880974e+17,2149,222404058,2488,1871507441,28957300000000,24848100578,fail
480,512 40,11 24,3,60,5347373.169172256,4.1655106133363296e+17,2149,222575156,2488,1871507441,32174700000000,24848100578,fail
481,512 44,11 20,3,60,5347373.169172256,4.169993562373827e+17,2149,222814693,2488,1871507441,35392200000000,24848100578,fail
482,512 48,11 16,3,60,5347373.169172256,4.176717985930075e+17,2149,223173998,2488,1871507441,38609600000000,24848100578,fail
483,512 52,11 12,3,60,5347373.169172256,4.18792535852382e+17,2149,223772840,2488,1871507441,41827100000000,24848100578,fail
484,512 56,11 8,3,60,5347373.169172256,4.21034010371131e+17,2149,224970524,2488,1871507441,45044500000000,24848100578,fail
485,512 16,12 48,3,60,5347373.169172256,4.154303240742585e+17,2149,221976314,2488,1871507441,12870000000000,24848100578,fail
486,512 20,12 44,3,60,5347373.169172256,4.1553220927965626e+17,2149,222030754,2488,1871507441,16087400000000,24848100578,fail
487,512 24,12 40,3,60,5347373.169172256,4.156544715261334e+17,2149,222096082,2488,1871507441,19304900000000,24848100578,fail
488,512 28,12 36,3,60,5347373.169172256,4.158039031607167e+17,2149,222175928,2488,1871507441,22522300000000,24848100578,fail
489,512 32,12 32,3,60,5347373.169172256,4.159906927039457e+17,2149,222275735,2488,1871507441,25739800000000,24848100578,fail
490,512 36,12 28,3,60,5347373.169172256,4.162308506880974e+17,2149,222404058,2488,1871507441,28957300000000,24848100578,fail
491,512 40,12 24,3,60,5347373.169172256,4.1655106133363296e+17,2149,222575156,2488,1871507441,32174700000000,24848100578,fail
492,512 44,12 20,3,60,5347373.169172256,4.169993562373827e+17,2149,222814693,2488,1871507441,35392200000000,24848100578,fail
493,512 48,12 16,3,60,5347373.169172256,4.176717985930075e+17,2149,223173998,2488,1871507441,38609600000000,24848100578,fail
494,512 52,12 12,3,60,5347373.169172256,4.18792535852382e+17,2149,223772840,2488,1871507441,41827100000000,24848100578,fail
495,512 56,12 8,3,60,5347373.169172256,4.21034010371131e+17,2149,224970524,2488,1871507441,45044500000000,24848100578,fail
496,512 16,13 48,2,61,1471996.0911063547,4.4542267947957357e+17,1129,222441340,1302,2002427599,12870000000000,27134119730,fail
497,512 20,13 44,2,61,1471996.0911063547,4.455316920021685e+17,1129,222495780,1302,2002427599,16087400000000,27134119730,fail
498,512 24,13 40,2,61,1471996.0911063547,4.456625070292825e+17,1129,222561108,1302,2002427599,19304900000000,27134119730,fail
499,512 28,13 36,2,61,1471996.0911063547,4.458223920624217e+17,1129,222640954,1302,2002427599,22522300000000,27134119730,fail
500,512 32,13 32,2,61,1471996.0911063547,4.460222483538458e+17,1129,222740761,1302,2002427599,25739800000000,27134119730,fail
501,512 36,13 28,2,61,1471996.0911063547,4.462792064428196e+17,1129,222869084,1302,2002427599,28957300000000,27134119730,fail
502,512 40,13 24,2,61,1471996.0911063547,4.46621817228118e+17,1129,223040182,1302,2002427599,32174700000000,27134119730,fail
503,512 44,13 20,2,61,1471996.0911063547,4.4710147232753574e+17,1129,223279719,1302,2002427599,35392200000000,27134119730,fail
504,512 48,13 16,2,61,1471996.0911063547,4.478209549766625e+17,1129,223639024,1302,2002427599,38609600000000,27134119730,fail
505,512 52,13 12,2,61,1471996.0911063547,4.49020092725207e+17,1129,224237866,1302,2002427599,41827100000000,27134119730,fail
506,512 56,13 8,2,61,1471996.0911063547,4.5141836822229594e+17,1129,225435550,1302,2002427599,45044500000000,27134119730,fail
507,512 16,14 48,1,62,12986.899205455,4.755367974919654e+17,110,222906366,117,2133347757,12870000000000,29420138882,fail
508,512 20,14 44,1,62,12986.899205455,4.7565293733175763e+17,110,222960806,117,2133347757,16087400000000,29420138882,fail
509,512 24,14 40,1,62,12986.899205455,4.757923051395083e+17,110,223026135,117,2133347757,19304900000000,29420138882,fail
510,512 28,14 36,1,62,12986.899205455,4.759626435712035e+17,110,223105980,117,2133347757,22522300000000,29420138882,fail
511,512 32,14 32,1,62,12986.899205455,4.761755666108226e+17,110,223205787,117,2133347757,25739800000000,29420138882,fail
512,512 36,14 28,1,62,12986.899205455,4.7644932480461856e+17,110,223334110,117,2133347757,28957300000000,29420138882,fail
513,512 40,14 24,1,62,12986.899205455,4.768143357296798e+17,110,223505208,117,2133347757,32174700000000,29420138882,fail
514,512 44,14 20,1,62,12986.899205455,4.773253510247656e+17,110,223744745,117,2133347757,35392200000000,29420138882,fail
515,512 48,14 16,1,62,12986.899205455,4.7809187396739424e+17,110,224104050,117,2133347757,38609600000000,29420138882,fail
516,512 52,14 12,1,62,12986.899205455,4.7936941220510874e+17,110,224702892,117,2133347757,41827100000000,29420138882,fail
517,512 56,14 8,1,62,12986.899205455,4.819244886805376e+17,110,225900576,117,2133347757,45044500000000,29420138882,fail
518,512 16,15 48,1,62,12986.899205455,4.755367974919654e+17,110,222906366,117,2133347757,12870000000000,29420138882,fail
519,512 20,15 44,1,62,12986.899205455,4.7565293733175763e+17,110,222960806,117,2133347757,16087400000000,29420138882,fail
520,512 24,15 40,1,62,12986.899205455,4.757923051395083e+17,110,223026135,117,2133347757,19304900000000,29420138882,fail
521,512 28,15 36,1,62,12986.899205455,4.759626435712035e+17,110,223105980,117,2133347757,22522300000000,29420138882,fail
522,512 32,15 32,1,62,12986.899205455,4.761755666108226e+17,110,223205787,117,2133347757,25739800000000,29420138882,fail
523,512 36,15 28,1,62,12986.899205455,4.7644932480461856e+17,110,223334110,117,2133347757,28957300000000,29420138882,fail
524,512 40,15 24,1,62,12986.899205455,4.768143357296798e+17,110,223505208,117,2133347757,32174700000000,29420138882,fail
525,512 44,15 20,1,62,12986.899205455,4.773253510247656e+17,110,223744745,117,2133347757,35392200000000,29420138882,fail
526,512 48,15 16,1,62,12986.899205455,4.7809187396739424e+17,110,224104050,117,2133347757,38609600000000,29420138882,fail
527,512 52,15 12,1,62,12986.899205455,4.7936941220510874e+17,110,224702892,117,2133347757,41827100000000,29420138882,fail
528,512 56,15 8,1,62,12986.899205455,4.819244886805376e+17,110,225900576,117,2133347757,45044500000000,29420138882,fail
529,512 16,16 48,1,62,12986.899205455,4.755367974919654e+17,110,222906366,117,2133347757,12870000000000,29420138882,fail
530,512 20,16 44,1,62,12986.899205455,4.7565293733175763e+17,110,222960806,117,2133347757,16087400000000,29420138882,fail
531,512 24,16 40,1,62,12986.899205455,4.757923051395083e+17,110,223026135,117,2133347757,19304900000000,29420138882,fail
532,512 28,16 36,1,62,12986.899205455,4.759626435712035e+17,110,223105980,117,2133347757,22522300000000,29420138882,fail
533,512 32,16 32,1,62,12986.899205455,4.761755666108226e+17,110,223205787,117,2133347757,25739800000000,29420138882,fail
534,512 36,16 28,1,62,12986.899205455,4.7644932480461856e+17,110,223334110,117,2133347757,28957300000000,29420138882,fail
535,512 40,16 24,1,62,12986.899205455,4.768143357296798e+17,110,223505208,117,2133347757,32174700000000,29420138882,fail
536,512 44,16 20,1,62,12986.899205455,4.773253510247656e+17,110,223744745,117,2133347757,35392200000000,29420138882,fail
537,512 48,16 16,1,62,12986.899205455,4.7809187396739424e+17,110,224104050,117,2133347757,38609600000000,29420138882,fail
538,512 52,16 12,1,62,12986.899205455,4.7936941220510874e+17,110,224702892,117,2133347757,41827100000000,29420138882,fail
539,512 56,16 8,1,62,12986.899205455,4.819244886805376e+17,110,225900576,117,2133347757,45044500000000,29420138882,fail
540,512 16,17 48,1,62,12986.899205455,4.755367974919654e+17,110,222906366,117,2133347757,12870000000000,29420138882,fail
541,512 20,17 44,1,62,12986.899205455,4.7565293733175763e+17,110,222960806,117,2133347757,16087400000000,29420138882,fail
542,512 24,17 40,1,62,12986.899205455,4.757923051395083e+17,110,223026135,117,2133347757,19304900000000,29420138882,fail
543,512 28,17 36,1,62,12986.899205455,4.759626435712035e+17,110,223105980,117,2133347757,22522300000000,29420138882,fail
544,512 32,17 32,1,62,12986.899205455,4.761755666108226e+17,110,223205787,117,2133347757,25739800000000,29420138882,fail
545,512 36,17 28,1,62,12986.899205455,4.7644932480461856e+17,110,223334110,117,2133347757,28957300000000,29420138882,fail
546,512 40,17 24,1,62,12986.899205455,4.768143357296798e+17,110,223505208,117,2133347757,32174700000000,29420138882,fail
547,512 44,17 20,1,62,12986.899205455,4.773253510247656e+17,110,223744745,117,2133347757,35392200000000,29420138882,fail
548,512 48,17 16,1,62,12986.899205455,4.7809187396739424e+17,110,224104050,117,2133347757,38609600000000,29420138882,fail
549,512 52,17 12,1,62,12986.899205455,4.7936941220510874e+17,110,224702892,117,2133347757,41827100000000,29420138882,fail
550,512 56,17 8,1,62,12986.899205455,4.819244886805376e+17,110,225900576,117,2133347757,45044500000000,29420138882,fail
551,512 16,18 48,1,62,12986.899205455,4.755367974919654e+17,110,222906366,117,2133347757,12870000000000,29420138882,fail
552,512 20,18 44,1,62,12986.899205455,4.7565293733175763e+17,110,222960806,117,2133347757,16087400000000,29420138882,fail
553,512 24,18 40,1,62,12986.899205455,4.757923051395083e+17,110,223026135,117,2133347757,19304900000000,29420138882,fail
554,512 28,18 36,1,62,12986.899205455,4.759626435712035e+17,110,223105980,117,2133347757,22522300000000,29420138882,fail
555,512 32,18 32,1,62,12986.899205455,4.761755666108226e+17,110,223205787,117,2133347757,25739800000000,29420138882,fail
556,512 36,18 28,1,62,12986.899205455,4.7644932480461856e+17,110,223334110,117,2133347757,28957300000000,29420138882,fail
557,512 40,18 24,1,62,12986.899205455,4.768143357296798e+17,110,223505208,117,2133347757,32174700000000,29420138882,fail
558,512 44,18 20,1,62,12986.899205455,4.773253510247656e+17,110,223744745,117,2133347757,35392200000000,29420138882,fail
559,512 48,18 16,1,62,12986.899205455,4.7809187396739424e+17,110,224104050,117,2133347757,38609600000000,29420138882,fail
560,512 52,18 12,1,62,12986.899205455,4.7936941220510874e+17,110,224702892,117,2133347757,41827100000000,29420138882,fail
561,512 56,18 8,1,62,12986.899205455,4.819244886805376e+17,110,225900576,117,2133347757,45044500000000,29420138882,fail
562,512 16,19 48,1,62,12986.899205455,4.755367974919654e+17,110,222906366,117,2133347757,12870000000000,29420138882,fail
563,512 20,19 44,1,62,12986.899205455,4.7565293733175763e+17,110,222960806,117,2133347757,16087400000000,29420138882,fail
564,512 24,19 40,1,62,12986.899205455,4.757923051395083e+17,110,223026135,117,2133347757,19304900000000,29420138882,fail
565,512 28,19 36,1,62,12986.899205455,4.759626435712035e+17,110,223105980,117,2133347757,22522300000000,29420138882,fail
566,512 32,19 32,1,62,12986.899205455,4.761755666108226e+17,110,223205787,117,2133347757,25739800000000,29420138882,fail
567,512 36,19 28,1,62,12986.899205455,4.7644932480461856e+17,110,223334110,117,2133347757,28957300000000,29420138882,fail
568,512 40,19 24,1,62,12986.899205455,4.768143357296798e+17,110,223505208,117,2133347757,32174700000000,29420138882,fail
569,512 44,19 20,1,62,12986.899205455,4.773253510247656e+17,110,223744745,117,2133347757,35392200000000,29420138882,fail
570,512 48,19 16,1,62,12986.899205455,4.7809187396739424e+17,110,224104050,117,2133347757,38609600000000,29420138882,fail
571,512 52,19 12,1,62,12986.899205455,4.7936941220510874e+17,110,224702892,117,2133347757,41827100000000,29420138882,fail
572,512 56,19 8,1,62,12986.899205455,4.819244886805376e+17,110,225900576,117,2133347757,45044500000000,29420138882,fail
573,512 16,20 48,1,62,12986.899205455,4.755367974919654e+17,110,222906366,117,2133347757,12870000000000,29420138882,fail
574,512 20,20 44,1,62,12986.899205455,4.7565293733175763e+17,110,222960806,117,2133347757,16087400000000,29420138882,fail
575,512 24,20 40,1,62,12986.899205455,4.757923051395083e+17,110,223026135,117,2133347757,19304900000000,29420138882,fail
576,512 28,20 36,1,62,12986.899205455,4.759626435712035e+17,110,223105980,117,2133347757,22522300000000,29420138882,fail
577,512 32,20 32,1,62,12986.899205455,4.761755666108226e+17,110,223205787,117,2133347757,25739800000000,29420138882,fail
578,512 36,20 28,1,62,12986.899205455,4.7644932480461856e+17,110,223334110,117,2133347757,28957300000000,29420138882,fail
579,512 40,20 24,1,62,12986.899205455,4.768143357296798e+17,110,223505208,117,2133347757,32174700000000,29420138882,fail
580,512 44,20 20,1,62,12986.899205455,4.773253510247656e+17,110,223744745,117,2133347757,35392200000000,29420138882,fail
581,512 48,20 16,1,62,12986.899205455,4.7809187396739424e+17,110,224104050,117,2133347757,38609600000000,29420138882,fail
582,512 52,20 12,1,62,12986.899205455,4.7936941220510874e+17,110,224702892,117,2133347757,41827100000000,29420138882,fail
583,512 56,20 8,1,62,12986.899205455,4.819244886805376e+17,110,225900576,117,2133347757,45044500000000,29420138882,fail
584,512 16,21 48,1,62,12986.899205455,4.755367974919654e+17,110,222906366,117,2133347757,12870000000000,29420138882,fail
585,512 20,21 44,1,62,12986.899205455,4.7565293733175763e+17,110,222960806,117,2133347757,16087400000000,29420138882,fail
586,512 24,21 40,1,62,12986.899205455,4.757923051395083e+17,110,223026135,117,2133347757,19304900000000,29420138882,fail
587,512 28,21 36,1,62,12986.899205455,4.759626435712035e+17,110,223105980,117,2133347757,22522300000000,29420138882,fail
588,512 32,21 32,1,62,12986.899205455,4.761755666108226e+17,110,223205787,117,2133347757,25739800000000,29420138882,fail
589,512 36,21 28,1,62,12986.899205455,4.7644932480461856e+17,110,223334110,117,2133347757,28957300000000,29420138882,fail
590,512 40,21 24,1,62,12986.899205455,4.768143357296798e+17,110,223505208,117,2133347757,32174700000000,29420138882,fail
591,512 44,21 20,1,62,12986.899205455,4.773253510247656e+17,110,223744745,117,2133347757,35392200000000,29420138882,fail
592,512 48,21 16,1,62,12986.899205455,4.7809187396739424e+17,110,224104050,117,2133347757,38609600000000,29420138882,fail
593,512 52,21 12,1,62,12986.899205455,4.7936941220510874e+17,110,224702892,117,2133347757,41827100000000,29420138882,fail
594,512 56,21 8,1,62,12986.899205455,4.819244886805376e+17,110,225900576,117,2133347757,45044500000000,29420138882,fail
595,512 16,22 48,1,62,12986.899205455,4.755367974919654e+17,110,222906366,117,2133347757,12870000000000,29420138882,fail
596,512 20,22 44,1,62,12986.899205455,4.7565293733175763e+17,110,222960806,117,2133347757,16087400000000,29420138882,fail
597,512 24,22 40,1,62,12986.899205455,4.757923051395083e+17,110,223026135,117,2133347757,19304900000000,29420138882,fail
598,512 28,22 36,1,62,12986.899205455,4.759626435712035e+17,110,223105980,117,2133347757,22522300000000,29420138882,fail
599,512 32,22 32,1,62,12986.899205455,4.761755666108226e+17,110,223205787,117,2133347757,25739800000000,29420138882,fail
600,512 36,22 28,1,62,12986.899205455,4.7644932480461856e+17,110,223334110,117,2133347757,28957300000000,29420138882,fail
601,512 40,22 24,1,62,12986.899205455,4.768143357296798e+17,110,223505208,117,2133347757,32174700000000,29420138882,fail
602,512 44,22 20,1,62,12986.899205455,4.773253510247656e+17,110,223744745,117,2133347757,35392200000000,29420138882,fail
603,512 48,22 16,1,62,12986.899205455,4.7809187396739424e+17,110,224104050,117,2133347757,38609600000000,29420138882,fail
604,512 52,22 12,1,62,12986.899205455,4.7936941220510874e+17,110,224702892,117,2133347757,41827100000000,29420138882,fail
605,512 56,22 8,1,62,12986.899205455,4.819244886805376e+17,110,225900576,117,2133347757,45044500000000,29420138882,fail
606,512 16,23 48,1,62,12986.899205455,4.755367974919654e+17,110,222906366,117,2133347757,12870000000000,29420138882,fail
607,512 20,23 44,1,62,12986.899205455,4.7565293733175763e+17,110,222960806,117,2133347757,16087400000000,29420138882,fail
608,512 24,23 40,1,62,12986.899205455,4.757923051395083e+17,110,223026135,117,2133347757,19304900000000,29420138882,fail
609,512 28,23 36,1,62,12986.899205455,4.759626435712035e+17,110,223105980,117,2133347757,22522300000000,29420138882,fail
610,512 32,23 32,1,62,12986.899205455,4.761755666108226e+17,110,223205787,117,2133347757,25739800000000,29420138882,fail
611,512 36,23 28,1,62,12986.899205455,4.7644932480461856e+17,110,223334110,117,2133347757,28957300000000,29420138882,fail
612,512 40,23 24,1,62,12986.899205455,4.768143357296798e+17,110,223505208,117,2133347757,32174700000000,29420138882,fail
613,512 44,23 20,1,62,12986.899205455,4.773253510247656e+17,110,223744745,117,2133347757,35392200000000,29420138882,fail
614,512 48,23 16,1,62,12986.899205455,4.7809187396739424e+17,110,224104050,117,2133347757,38609600000000,29420138882,fail
615,512 52,23 12,1,62,12986.899205455,4.7936941220510874e+17,110,224702892,117,2133347757,41827100000000,29420138882,fail
616,512 56,23 8,1,62,12986.899205455,4.819244886805376e+17,110,225900576,117,2133347757,45044500000000,29420138882,fail
617,512 16,24 48,1,62,12986.899205455,4.755367974919654e+17,110,222906366,117,2133347757,12870000000000,29420138882,fail
618,512 20,24 44,1,62,12986.899205455,4.7565293733175763e+17,110,222960806,117,2133347757,16087400000000,29420138882,fail
619,512 24,24 40,1,62,12986.899205455,4.757923051395083e+17,110,223026135,117,2133347757,19304900000000,29420138882,fail
620,512 28,24 36,1,62,12986.899205455,4.759626435712035e+17,110,223105980,117,2133347757,22522300000000,29420138882,fail
621,512 32,24 32,1,62,12986.899205455,4.761755666108226e+17,110,223205787,117,2133347757,25739800000000,29420138882,fail
622,512 36,24 28,1,62,12986.899205455,4.7644932480461856e+17,110,223334110,117,2133347757,28957300000000,29420138882,fail
623,512 40,24 24,1,62,12986.899205455,4.768143357296798e+17,110,223505208,117,2133347757,32174700000000,29420138882,fail
624,512 44,24 20,1,62,12986.899205455,4.773253510247656e+17,110,223744745,117,2133347757,35392200000000,29420138882,fail
625,512 48,24 16,1,62,12986.899205455,4.7809187396739424e+17,110,224104050,117,2133347757,38609600000000,29420138882,fail
626,512 52,24 12,1,62,12986.899205455,4.7936941220510874e+17,110,224702892,117,2133347757,41827100000000,29420138882,fail
627,512 56,24 8,1,62,12986.899205455,4.819244886805376e+17,110,225900576,117,2133347757,45044500000000,29420138882,fail
628,640 16,6 48,9,54,258351163.90864742,2.3767594787709894e+17,15640,213609382,16517,1112666236,16075200000000,19149618054,pass
629,640 20,6 44,9,54,258351163.90864742,2.3773652162930592e+17,15640,213663822,16517,1112666236,20093900000000,19149618054,pass
630,640 24,6 40,9,54,258351163.90864742,2.378092101319543e+17,15640,213729151,16517,1112666236,24112600000000,19149618054,pass
631,640 28,6 36,9,54,258351163.90864742,2.3789805163519126e+17,15640,213808996,16517,1112666236,28131400000000,19149618054,pass
632,640 32,6 32,9,54,258351163.90864742,2.3800910351423744e+17,15640,213908803,16517,1112666236,32150100000000,19149618054,pass
633,640 36,6 28,9,54,258351163.90864742,2.3815188450158253e+17,15640,214037126,16517,1112666236,36168900000000,19149618054,pass
634,640 40,6 24,9,54,258351163.90864742,2.3834225915137594e+17,15640,214208224,16517,1112666236,40187600000000,19149618054,pass
635,640 44,6 20,9,54,258351163.90864742,2.386087836610867e+17,15640,214447761,16517,1112666236,44206300000000,19149618054,pass
636,640 48,6 16,9,54,258351163.90864742,2.390085704256529e+17,15640,214807066,16517,1112666236,48225100000000,19149618054,pass
637,640 52,6 12,9,54,258351163.90864742,2.396748816999299e+17,15640,215405908,16517,1112666236,52243800000000,19149618054,pass
638,640 56,6 8,9,54,258351163.90864742,2.4100750424848384e+17,15640,216603592,16517,1112666236,56262500000000,19149618054,pass
639,640 16,7 48,7,56,117203773.00289342,2.7804497609158013e+17,9771,217325112,11994,1279396445,16075200000000,19878493726,pass
640,640 20,7 44,7,56,117203773.00289342,2.7811462666666714e+17,9771,217379552,11994,1279396445,20093900000000,19878493726,pass
641,640 24,7 40,7,56,117203773.00289342,2.7819820735677152e+17,9771,217444880,11994,1279396445,24112600000000,19878493726,pass
642,640 28,7 36,7,56,117203773.00289342,2.7830036153356573e+17,9771,217524726,11994,1279396445,28131400000000,19878493726,pass
643,640 32,7 32,7,56,117203773.00289342,2.7842805425455853e+17,9771,217624533,11994,1279396445,32150100000000,19878493726,pass
644,640 36,7 28,7,56,117203773.00289342,2.785922306101208e+17,9771,217752856,11994,1279396445,36168900000000,19878493726,pass
645,640 40,7 24,7,56,117203773.00289342,2.7881113241753696e+17,9771,217923954,11994,1279396445,40187600000000,19878493726,pass
646,640 44,7 20,7,56,117203773.00289342,2.791175949479197e+17,9771,218163491,11994,1279396445,44206300000000,19878493726,pass
647,640 48,7 16,7,56,117203773.00289342,2.7957728874349382e+17,9771,218522796,11994,1279396445,48225100000000,19878493726,pass
648,640 52,7 12,7,56,117203773.00289342,2.8034344506945066e+17,9771,219121638,11994,1279396445,52243800000000,19878493726,pass
649,640 56,7 8,7,56,117203773.00289342,2.8187575772136435e+17,9771,220319322,11994,1279396445,56262500000000,19878493726,pass
650,640 16,8 48,6,57,58808626.4517771,3.252718960449448e+17,6836,219182977,8602,1484019883,16075200000000,20773022959,pass
651,640 20,8 44,6,57,58808626.4517771,3.253526863572026e+17,6836,219237417,8602,1484019883,20093900000000,20773022959,pass
652,640 24,8 40,6,57,58808626.4517771,3.254496347319121e+17,6836,219302745,8602,1484019883,24112600000000,20773022959,pass
653,640 28,8 36,6,57,58808626.4517771,3.255681271898903e+17,6836,219382591,8602,1484019883,28131400000000,20773022959,pass
654,640 32,8 32,6,57,58808626.4517771,3.257162427623631e+17,6836,219482398,8602,1484019883,32150100000000,20773022959,pass
655,640 36,8 28,6,57,58808626.4517771,3.259066770698281e+17,6836,219610721,8602,1484019883,36168900000000,20773022959,pass
656,640 40,8 24,6,57,58808626.4517771,3.2616058947978144e+17,6836,219781819,8602,1484019883,40187600000000,20773022959,pass
657,640 44,8 20,6,57,58808626.4517771,3.265160668537161e+17,6836,220021355,8602,1484019883,44206300000000,20773022959,pass
658,640 48,8 16,6,57,58808626.4517771,3.270492829146181e+17,6836,220380661,8602,1484019883,48225100000000,20773022959,pass
659,640 52,8 12,6,57,58808626.4517771,3.2793797634945485e+17,6836,220979503,8602,1484019883,52243800000000,20773022959,pass
660,640 56,8 8,6,57,58808626.4517771,3.297153632191282e+17,6836,222177187,8602,1484019883,56262500000000,20773022959,pass
661,640 16,9 48,4,59,11639118.13340316,3.8555973127602016e+17,3168,221511288,3673,1740587283,16075200000000,22562081426,fail
662,640 20,9 44,4,59,11639118.13340316,3.856544891642207e+17,3168,221565728,3673,1740587283,20093900000000,22562081426,fail
663,640 24,9 40,4,59,11639118.13340316,3.857681986300611e+17,3168,221631056,3673,1740587283,24112600000000,22562081426,fail
664,640 28,9 36,4,59,11639118.13340316,3.859071768660883e+17,3168,221710902,3673,1740587283,28131400000000,22562081426,fail
665,640 32,9 32,4,59,11639118.13340316,3.860808996611224e+17,3168,221810709,3673,1740587283,32150100000000,22562081426,fail
666,640 36,9 28,4,59,11639118.13340316,3.8630425754045203e+17,3168,221939032,3673,1740587283,36168900000000,22562081426,fail
667,640 40,9 24,4,59,11639118.13340316,3.866020680462247e+17,3168,222110130,3673,1740587283,40187600000000,22562081426,fail
668,640 44,9 20,4,59,11639118.13340316,3.870190027543065e+17,3168,222349666,3673,1740587283,44206300000000,22562081426,fail
669,640 48,9 16,4,59,11639118.13340316,3.8764440481642925e+17,3168,222708972,3673,1740587283,48225100000000,22562081426,fail
670,640 52,9 12,4,59,11639118.13340316,3.886867415866338e+17,3168,223307814,3673,1740587283,52243800000000,22562081426,fail
671,640 56,9 8,4,59,11639118.13340316,3.907714151270428e+17,3168,224505498,3673,1740587283,56262500000000,22562081426,fail
672,640 16,10 48,4,59,11639118.13340316,3.8555973127602016e+17,3168,221511288,3673,1740587283,16075200000000,22562081426,fail
673,640 20,10 44,4,59,11639118.13340316,3.856544891642207e+17,3168,221565728,3673,1740587283,20093900000000,22562081426,fail
674,640 24,10 40,4,59,11639118.13340316,3.857681986300611e+17,3168,221631056,3673,1740587283,24112600000000,22562081426,fail
675,640 28,10 36,4,59,11639118.13340316,3.859071768660883e+17,3168,221710902,3673,1740587283,28131400000000,22562081426,fail
676,640 32,10 32,4,59,11639118.13340316,3.860808996611224e+17,3168,221810709,3673,1740587283,32150100000000,22562081426,fail
677,640 36,10 28,4,59,11639118.13340316,3.8630425754045203e+17,3168,221939032,3673,1740587283,36168900000000,22562081426,fail
678,640 40,10 24,4,59,11639118.13340316,3.866020680462247e+17,3168,222110130,3673,1740587283,40187600000000,22562081426,fail
679,640 44,10 20,4,59,11639118.13340316,3.870190027543065e+17,3168,222349666,3673,1740587283,44206300000000,22562081426,fail
680,640 48,10 16,4,59,11639118.13340316,3.8764440481642925e+17,3168,222708972,3673,1740587283,48225100000000,22562081426,fail
681,640 52,10 12,4,59,11639118.13340316,3.886867415866338e+17,3168,223307814,3673,1740587283,52243800000000,22562081426,fail
682,640 56,10 8,4,59,11639118.13340316,3.907714151270428e+17,3168,224505498,3673,1740587283,56262500000000,22562081426,fail
683,640 16,11 48,3,60,5347373.169172256,4.154303240742585e+17,2149,221976314,2488,1871507441,16075200000000,24848100578,fail
684,640 20,11 44,3,60,5347373.169172256,4.1553220927965626e+17,2149,222030754,2488,1871507441,20093900000000,24848100578,fail
685,640 24,11 40,3,60,5347373.169172256,4.156544715261334e+17,2149,222096082,2488,1871507441,24112600000000,24848100578,fail
686,640 28,11 36,3,60,5347373.169172256,4.158039031607167e+17,2149,222175928,2488,1871507441,28131400000000,24848100578,fail
687,640 32,11 32,3,60,5347373.169172256,4.159906927039457e+17,2149,222275735,2488,1871507441,32150100000000,24848100578,fail
688,640 36,11 28,3,60,5347373.169172256,4.162308506880974e+17,2149,222404058,2488,1871507441,36168900000000,24848100578,fail
689,640 40,11 24,3,60,5347373.169172256,4.1655106133363296e+17,2149,222575156,2488,1871507441,40187600000000,24848100578,fail
690,640 44,11 20,3,60,5347373.169172256,4.169993562373827e+17,2149,222814693,2488,1871507441,44206300000000,24848100578,fail
691,640 48,11 16,3,60,5347373.169172256,4.176717985930075e+17,2149,223173998,2488,1871507441,48225100000000,24848100578,fail
692,640 52,11 12,3,60,5347373.169172256,4.18792535852382e+17,2149,223772840,2488,1871507441,52243800000000,24848100578,fail
693,640 56,11 8,3,60,5347373.169172256,4.21034010371131e+17,2149,224970524,2488,1871507441,56262500000000,24848100578,fail
694,640 16,12 48,3,60,5289720.335712585,4.329505971790232e+17,1863,221970894,2838,1950483636,16075200000000,26239590497,fail
695,640 20,12 44,3,60,5289720.335712585,4.3305678186284666e+17,1863,222025334,2838,1950483636,20093900000000,26239590497,fail
696,640 24,12 40,3,60,5289720.335712585,4.3318420348343456e+17,1863,222090662,2838,1950483636,24112600000000,26239590497,fail
697,640 28,12 36,3,60,5289720.335712585,4.3333994101970874e+17,1863,222170508,2838,1950483636,28131400000000,26239590497,fail
698,640 32,12 32,3,60,5289720.335712585,4.335346129400515e+17,1863,222270315,2838,1950483636,32150100000000,26239590497,fail
699,640 36,12 28,3,60,5289720.335712585,4.337849054090636e+17,1863,222398638,2838,1950483636,36168900000000,26239590497,fail
700,640 40,12 24,3,60,5289720.335712585,4.3411862870107974e+17,1863,222569736,2838,1950483636,40187600000000,26239590497,fail
701,640 44,12 20,3,60,5289720.335712585,4.345858413099022e+17,1863,222809273,2838,1950483636,44206300000000,26239590497,fail
702,640 48,12 16,3,60,5289720.335712585,4.352866602231362e+17,1863,223168578,2838,1950483636,48225100000000,26239590497,fail
703,640 52,12 12,3,60,5289720.335712585,4.364546917451927e+17,1863,223767420,2838,1950483636,52243800000000,26239590497,fail
704,640 56,12 8,3,60,5289720.335712585,4.387907547893056e+17,1863,224965104,2838,1950483636,56262500000000,26239590497,fail
705,640 16,13 48,2,61,1395956.4187547849,4.629789689970408e+17,844,222435920,1652,2081403794,16075200000000,28525609649,fail
706,640 20,13 44,2,61,1395956.4187547849,4.630922809980614e+17,844,222490360,1652,2081403794,20093900000000,28525609649,fail
707,640 24,13 40,2,61,1395956.4187547849,4.632282553992861e+17,844,222555688,1652,2081403794,24112600000000,28525609649,fail
708,640 28,13 36,2,61,1395956.4187547849,4.633944463341163e+17,844,222635534,1652,2081403794,28131400000000,28525609649,fail
709,640 32,13 32,2,61,1395956.4187547849,4.63602185002654e+17,844,222735341,1652,2081403794,32150100000000,28525609649,fail
710,640 36,13 28,2,61,1395956.4187547849,4.638692775764882e+17,844,222863664,1652,2081403794,36168900000000,28525609649,fail
711,640 40,13 24,2,61,1395956.4187547849,4.6422540100826726e+17,844,223034762,1652,2081403794,40187600000000,28525609649,fail
712,640 44,13 20,2,61,1395956.4187547849,4.647239738127577e+17,844,223274299,1652,2081403794,44206300000000,28525609649,fail
713,640 48,13 16,2,61,1395956.4187547849,4.654718330194937e+17,844,223633604,1652,2081403794,48225100000000,28525609649,fail
714,640 52,13 12,2,61,1395956.4187547849,4.667182650307201e+17,844,224232446,1652,2081403794,52243800000000,28525609649,fail
715,640 56,13 8,2,61,1395956.4187547849,4.69211129053173e+17,844,225430130,1652,2081403794,56262500000000,28525609649,fail
716,640 16,14 48,1,62,12986.899205455,4.755367974919654e+17,110,222906366,117,2133347757,16075200000000,29420138882,fail
717,640 20,14 44,1,62,12986.899205455,4.7565293733175763e+17,110,222960806,117,2133347757,20093900000000,29420138882,fail
718,640 24,14 40,1,62,12986.899205455,4.757923051395083e+17,110,223026135,117,2133347757,24112600000000,29420138882,fail
719,640 28,14 36,1,62,12986.899205455,4.759626435712035e+17,110,223105980,117,2133347757,28131400000000,29420138882,fail
720,640 32,14 32,1,62,12986.899205455,4.761755666108226e+17,110,223205787,117,2133347757,32150100000000,29420138882,fail
721,640 36,14 28,1,62,12986.899205455,4.7644932480461856e+17,110,223334110,117,2133347757,36168900000000,29420138882,fail
722,640 40,14 24,1,62,12986.899205455,4.768143357296798e+17,110,223505208,117,2133347757,40187600000000,29420138882,fail
723,640 44,14 20,1,62,12986.899205455,4.773253510247656e+17,110,223744745,117,2133347757,44206300000000,29420138882,fail
724,640 48,14 16,1,62,12986.899205455,4.7809187396739424e+17,110,224104050,117,2133347757,48225100000000,29420138882,fail
725,640 52,14 12,1,62,12986.899205455,4.7936941220510874e+17,110,224702892,117,2133347757,52243800000000,29420138882,fail
726,640 56,14 8,1,62,12986.899205455,4.819244886805376e+17,110,225900576,117,2133347757,56262500000000,29420138882,fail
727,640 16,15 48,1,62,12986.899205455,4.755367974919654e+17,110,222906366,117,2133347757,16075200000000,29420138882,fail
728,640 20,15 44,1,62,12986.899205455,4.7565293733175763e+17,110,222960806,117,2133347757,20093900000000,29420138882,fail
729,640 24,15 40,1,62,12986.899205455,4.757923051395083e+17,110,223026135,117,2133347757,24112600000000,29420138882,fail
730,640 28,15 36,1,62,12986.899205455,4.759626435712035e+17,110,223105980,117,2133347757,28131400000000,29420138882,fail
731,640 32,15 32,1,62,12986.899205455,4.761755666108226e+17,110,223205787,117,2133347757,32150100000000,29420138882,fail
732,640 36,15 28,1,62,12986.899205455,4.7644932480461856e+17,110,223334110,117,2133347757,36168900000000,29420138882,fail
733,640 40,15 24,1,62,12986.899205455,4.768143357296798e+17,110,223505208,117,2133347757,40187600000000,29420138882,fail
734,640 44,15 20,1,62,12986.899205455,4.773253510247656e+17,110,223744745,117,2133347757,44206300000000,29420138882,fail
735,640 48,15 16,1,62,12986.899205455,4.7809187396739424e+17,110,224104050,117,2133347757,48225100000000,29420138882,fail
736,640 52,15 12,1,62,12986.899205455,4.7936941220510874e+17,110,224702892,117,2133347757,52243800000000,29420138882,fail
737,640 56,15 8,1,62,12986.899205455,4.819244886805376e+17,110,225900576,117,2133347757,56262500000000,29420138882,fail
738,640 16,16 48,1,62,12986.899205455,4.755367974919654e+17,110,222906366,117,2133347757,16075200000000,29420138882,fail
739,640 20,16 44,1,62,12986.899205455,4.7565293733175763e+17,110,222960806,117,2133347757,20093900000000,29420138882,fail
740,640 24,16 40,1,62,12986.899205455,4.757923051395083e+17,110,223026135,117,2133347757,24112600000000,29420138882,fail
741,640 28,16 36,1,62,12986.899205455,4.759626435712035e+17,110,223105980,117,2133347757,28131400000000,29420138882,fail
742,640 32,16 32,1,62,12986.899205455,4.761755666108226e+17,110,223205787,117,2133347757,32150100000000,29420138882,fail
743,640 36,16 28,1,62,12986.899205455,4.7644932480461856e+17,110,223334110,117,2133347757,36168900000000,29420138882,fail
744,640 40,16 24,1,62,12986.899205455,4.768143357296798e+17,110,223505208,117,2133347757,40187600000000,29420138882,fail
745,640 44,16 20,1,62,12986.899205455,4.773253510247656e+17,110,223744745,117,2133347757,44206300000000,29420138882,fail
746,640 48,16 16,1,62,12986.899205455,4.7809187396739424e+17,110,224104050,117,2133347757,48225100000000,29420138882,fail
747,640 52,16 12,1,62,12986.899205455,4.7936941220510874e+17,110,224702892,117,2133347757,52243800000000,29420138882,fail
748,640 56,16 8,1,62,12986.899205455,4.819244886805376e+17,110,225900576,117,2133347757,56262500000000,29420138882,fail
749,640 16,17 48,1,62,12986.899205455,4.755367974919654e+17,110,222906366,117,2133347757,16075200000000,29420138882,fail
750,640 20,17 44,1,62,12986.899205455,4.7565293733175763e+17,110,222960806,117,2133347757,20093900000000,29420138882,fail
751,640 24,17 40,1,62,12986.899205455,4.757923051395083e+17,110,223026135,117,2133347757,24112600000000,29420138882,fail
752,640 28,17 36,1,62,12986.899205455,4.759626435712035e+17,110,223105980,117,2133347757,28131400000000,29420138882,fail
753,640 32,17 32,1,62,12986.899205455,4.761755666108226e+17,110,223205787,117,2133347757,32150100000000,29420138882,fail
754,640 36,17 28,1,62,12986.899205455,4.7644932480461856e+17,110,223334110,117,2133347757,36168900000000,29420138882,fail
755,640 40,17 24,1,62,12986.899205455,4.768143357296798e+17,110,223505208,117,2133347757,40187600000000,29420138882,fail
756,640 44,17 20,1,62,12986.899205455,4.773253510247656e+17,110,223744745,117,2133347757,44206300000000,29420138882,fail
757,640 48,17 16,1,62,12986.899205455,4.7809187396739424e+17,110,224104050,117,2133347757,48225100000000,29420138882,fail
758,640 52,17 12,1,62,12986.899205455,4.7936941220510874e+17,110,224702892,117,2133347757,52243800000000,29420138882,fail
759,640 56,17 8,1,62,12986.899205455,4.819244886805376e+17,110,225900576,117,2133347757,56262500000000,29420138882,fail
760,640 16,18 48,1,62,12986.899205455,4.755367974919654e+17,110,222906366,117,2133347757,16075200000000,29420138882,fail
761,640 20,18 44,1,62,12986.899205455,4.7565293733175763e+17,110,222960806,117,2133347757,20093900000000,29420138882,fail
762,640 24,18 40,1,62,12986.899205455,4.757923051395083e+17,110,223026135,117,2133347757,24112600000000,29420138882,fail
763,640 28,18 36,1,62,12986.899205455,4.759626435712035e+17,110,223105980,117,2133347757,28131400000000,29420138882,fail
764,640 32,18 32,1,62,12986.899205455,4.761755666108226e+17,110,223205787,117,2133347757,32150100000000,29420138882,fail
765,640 36,18 28,1,62,12986.899205455,4.7644932480461856e+17,110,223334110,117,2133347757,36168900000000,29420138882,fail
766,640 40,18 24,1,62,12986.899205455,4.768143357296798e+17,110,223505208,117,2133347757,40187600000000,29420138882,fail
767,640 44,18 20,1,62,12986.899205455,4.773253510247656e+17,110,223744745,117,2133347757,44206300000000,29420138882,fail
768,640 48,18 16,1,62,12986.899205455,4.7809187396739424e+17,110,224104050,117,2133347757,48225100000000,29420138882,fail
769,640 52,18 12,1,62,12986.899205455,4.7936941220510874e+17,110,224702892,117,2133347757,52243800000000,29420138882,fail
770,640 56,18 8,1,62,12986.899205455,4.819244886805376e+17,110,225900576,117,2133347757,56262500000000,29420138882,fail
771,640 16,19 48,1,62,12986.899205455,4.755367974919654e+17,110,222906366,117,2133347757,16075200000000,29420138882,fail
772,640 20,19 44,1,62,12986.899205455,4.7565293733175763e+17,110,222960806,117,2133347757,20093900000000,29420138882,fail
773,640 24,19 40,1,62,12986.899205455,4.757923051395083e+17,110,223026135,117,2133347757,24112600000000,29420138882,fail
774,640 28,19 36,1,62,12986.899205455,4.759626435712035e+17,110,223105980,117,2133347757,28131400000000,29420138882,fail
775,640 32,19 32,1,62,12986.899205455,4.761755666108226e+17,110,223205787,117,2133347757,32150100000000,29420138882,fail
776,640 36,19 28,1,62,12986.899205455,4.7644932480461856e+17,110,223334110,117,2133347757,36168900000000,29420138882,fail
777,640 40,19 24,1,62,12986.899205455,4.768143357296798e+17,110,223505208,117,2133347757,40187600000000,29420138882,fail
778,640 44,19 20,1,62,12986.899205455,4.773253510247656e+17,110,223744745,117,2133347757,44206300000000,29420138882,fail
779,640 48,19 16,1,62,12986.899205455,4.7809187396739424e+17,110,224104050,117,2133347757,48225100000000,29420138882,fail
780,640 52,19 12,1,62,12986.899205455,4.7936941220510874e+17,110,224702892,117,2133347757,52243800000000,29420138882,fail
781,640 56,19 8,1,62,12986.899205455,4.819244886805376e+17,110,225900576,117,2133347757,56262500000000,29420138882,fail
782,640 16,20 48,1,62,12986.899205455,4.755367974919654e+17,110,222906366,117,2133347757,16075200000000,29420138882,fail
783,640 20,20 44,1,62,12986.899205455,4.7565293733175763e+17,110,222960806,117,2133347757,20093900000000,29420138882,fail
784,640 24,20 40,1,62,12986.899205455,4.757923051395083e+17,110,223026135,117,2133347757,24112600000000,29420138882,fail
785,640 28,20 36,1,62,12986.899205455,4.759626435712035e+17,110,223105980,117,2133347757,28131400000000,29420138882,fail
786,640 32,20 32,1,62,12986.899205455,4.761755666108226e+17,110,223205787,117,2133347757,32150100000000,29420138882,fail
787,640 36,20 28,1,62,12986.899205455,4.7644932480461856e+17,110,223334110,117,2133347757,36168900000000,29420138882,fail
788,640 40,20 24,1,62,12986.899205455,4.768143357296798e+17,110,223505208,117,2133347757,40187600000000,29420138882,fail
789,640 44,20 20,1,62,12986.899205455,4.773253510247656e+17,110,223744745,117,2133347757,44206300000000,29420138882,fail
790,640 48,20 16,1,62,12986.899205455,4.7809187396739424e+17,110,224104050,117,2133347757,48225100000000,29420138882,fail
791,640 52,20 12,1,62,12986.899205455,4.7936941220510874e+17,110,224702892,117,2133347757,52243800000000,29420138882,fail
792,640 56,20 8,1,62,12986.899205455,4.819244886805376e+17,110,225900576,117,2133347757,56262500000000,29420138882,fail
793,640 16,21 48,1,62,12986.899205455,4.755367974919654e+17,110,222906366,117,2133347757,16075200000000,29420138882,fail
794,640 20,21 44,1,62,12986.899205455,4.7565293733175763e+17,110,222960806,117,2133347757,20093900000000,29420138882,fail
795,640 24,21 40,1,62,12986.899205455,4.757923051395083e+17,110,223026135,117,2133347757,24112600000000,29420138882,fail
796,640 28,21 36,1,62,12986.899205455,4.759626435712035e+17,110,223105980,117,2133347757,28131400000000,29420138882,fail
797,640 32,21 32,1,62,12986.899205455,4.761755666108226e+17,110,223205787,117,2133347757,32150100000000,29420138882,fail
798,640 36,21 28,1,62,12986.899205455,4.7644932480461856e+17,110,223334110,117,2133347757,36168900000000,29420138882,fail
799,640 40,21 24,1,62,12986.899205455,4.768143357296798e+17,110,223505208,117,2133347757,40187600000000,29420138882,fail
800,640 44,21 20,1,62,12986.899205455,4.773253510247656e+17,110,223744745,117,2133347757,44206300000000,29420138882,fail
801,640 48,21 16,1,62,12986.899205455,4.7809187396739424e+17,110,224104050,117,2133347757,48225100000000,29420138882,fail
802,640 52,21 12,1,62,12986.899205455,4.7936941220510874e+17,110,224702892,117,2133347757,52243800000000,29420138882,fail
803,640 56,21 8,1,62,12986.899205455,4.819244886805376e+17,110,225900576,117,2133347757,56262500000000,29420138882,fail
804,640 16,22 48,1,62,12986.899205455,4.755367974919654e+17,110,222906366,117,2133347757,16075200000000,29420138882,fail
805,640 20,22 44,1,62,12986.899205455,4.7565293733175763e+17,110,222960806,117,2133347757,20093900000000,29420138882,fail
806,640 24,22 40,1,62,12986.899205455,4.757923051395083e+17,110,223026135,117,2133347757,24112600000000,29420138882,fail
807,640 28,22 36,1,62,12986.899205455,4.759626435712035e+17,110,223105980,117,2133347757,28131400000000,29420138882,fail
808,640 32,22 32,1,62,12986.899205455,4.761755666108226e+17,110,223205787,117,2133347757,32150100000000,29420138882,fail
809,640 36,22 28,1,62,12986.899205455,4.7644932480461856e+17,110,223334110,117,2133347757,36168900000000,29420138882,fail
810,640 40,22 24,1,62,12986.899205455,4.768143357296798e+17,110,223505208,117,2133347757,40187600000000,29420138882,fail
811,640 44,22 20,1,62,12986.899205455,4.773253510247656e+17,110,223744745,117,2133347757,44206300000000,29420138882,fail
812,640 48,22 16,1,62,12986.899205455,4.7809187396739424e+17,110,224104050,117,2133347757,48225100000000,29420138882,fail
813,640 52,22 12,1,62,12986.899205455,4.7936941220510874e+17,110,224702892,117,2133347757,52243800000000,29420138882,fail
814,640 56,22 8,1,62,12986.899205455,4.819244886805376e+17,110,225900576,117,2133347757,56262500000000,29420138882,fail
815,640 16,23 48,1,62,12986.899205455,4.755367974919654e+17,110,222906366,117,2133347757,16075200000000,29420138882,fail
816,640 20,23 44,1,62,12986.899205455,4.7565293733175763e+17,110,222960806,117,2133347757,20093900000000,29420138882,fail
817,640 24,23 40,1,62,12986.899205455,4.757923051395083e+17,110,223026135,117,2133347757,24112600000000,29420138882,fail
818,640 28,23 36,1,62,12986.899205455,4.759626435712035e+17,110,223105980,117,2133347757,28131400000000,29420138882,fail
819,640 32,23 32,1,62,12986.899205455,4.761755666108226e+17,110,223205787,117,2133347757,32150100000000,29420138882,fail
820,640 36,23 28,1,62,12986.899205455,4.7644932480461856e+17,110,223334110,117,2133347757,36168900000000,29420138882,fail
821,640 40,23 24,1,62,12986.899205455,4.768143357296798e+17,110,223505208,117,2133347757,40187600000000,29420138882,fail
822,640 44,23 20,1,62,12986.899205455,4.773253510247656e+17,110,223744745,117,2133347757,44206300000000,29420138882,fail
823,640 48,23 16,1,62,12986.899205455,4.7809187396739424e+17,110,224104050,117,2133347757,48225100000000,29420138882,fail
824,640 52,23 12,1,62,12986.899205455,4.7936941220510874e+17,110,224702892,117,2133347757,52243800000000,29420138882,fail
825,640 56,23 8,1,62,12986.899205455,4.819244886805376e+17,110,225900576,117,2133347757,56262500000000,29420138882,fail
826,640 16,24 48,1,62,12986.899205455,4.755367974919654e+17,110,222906366,117,2133347757,16075200000000,29420138882,fail
827,640 20,24 44,1,62,12986.899205455,4.7565293733175763e+17,110,222960806,117,2133347757,20093900000000,29420138882,fail
828,640 24,24 40,1,62,12986.899205455,4.757923051395083e+17,110,223026135,117,2133347757,24112600000000,29420138882,fail
829,640 28,24 36,1,62,12986.899205455,4.759626435712035e+17,110,223105980,117,2133347757,28131400000000,29420138882,fail
830,640 32,24 32,1,62,12986.899205455,4.761755666108226e+17,110,223205787,117,2133347757,32150100000000,29420138882,fail
831,640 36,24 28,1,62,12986.899205455,4.7644932480461856e+17,110,223334110,117,2133347757,36168900000000,29420138882,fail
832,640 40,24 24,1,62,12986.899205455,4.768143357296798e+17,110,223505208,117,2133347757,40187600000000,29420138882,fail
833,640 44,24 20,1,62,12986.899205455,4.773253510247656e+17,110,223744745,117,2133347757,44206300000000,29420138882,fail
834,640 48,24 16,1,62,12986.899205455,4.7809187396739424e+17,110,224104050,117,2133347757,48225100000000,29420138882,fail
835,640 52,24 12,1,62,12986.899205455,4.7936941220510874e+17,110,224702892,117,2133347757,52243800000000,29420138882,fail
836,640 56,24 8,1,62,12986.899205455,4.819244886805376e+17,110,225900576,117,2133347757,56262500000000,29420138882,fail
837,768 16,6 48,9,54,258351163.90864742,2.3767594787709894e+17,15640,213609382,16517,1112666236,19280400000000,19149618054,pass
838,768 20,6 44,9,54,258351163.90864742,2.3773652162930592e+17,15640,213663822,16517,1112666236,24100400000000,19149618054,pass
839,768 24,6 40,9,54,258351163.90864742,2.378092101319543e+17,15640,213729151,16517,1112666236,28920400000000,19149618054,pass
840,768 28,6 36,9,54,258351163.90864742,2.3789805163519126e+17,15640,213808996,16517,1112666236,33740400000000,19149618054,pass
841,768 32,6 32,9,54,258351163.90864742,2.3800910351423744e+17,15640,213908803,16517,1112666236,38560400000000,19149618054,pass
842,768 36,6 28,9,54,258351163.90864742,2.3815188450158253e+17,15640,214037126,16517,1112666236,43380500000000,19149618054,pass
843,768 40,6 24,9,54,258351163.90864742,2.3834225915137594e+17,15640,214208224,16517,1112666236,48200500000000,19149618054,pass
844,768 44,6 20,9,54,258351163.90864742,2.386087836610867e+17,15640,214447761,16517,1112666236,53020500000000,19149618054,pass
845,768 48,6 16,9,54,258351163.90864742,2.390085704256529e+17,15640,214807066,16517,1112666236,57840500000000,19149618054,pass
846,768 52,6 12,9,54,258351163.90864742,2.396748816999299e+17,15640,215405908,16517,1112666236,62660500000000,19149618054,pass
847,768 56,6 8,9,54,258351163.90864742,2.4100750424848384e+17,15640,216603592,16517,1112666236,67480600000000,19149618054,pass
848,768 16,7 48,7,56,117203773.00289342,2.7804497609158013e+17,9771,217325112,11994,1279396445,19280400000000,19878493726,pass
849,768 20,7 44,7,56,117203773.00289342,2.7811462666666714e+17,9771,217379552,11994,1279396445,24100400000000,19878493726,pass
850,768 24,7 40,7,56,117203773.00289342,2.7819820735677152e+17,9771,217444880,11994,1279396445,28920400000000,19878493726,pass
851,768 28,7 36,7,56,117203773.00289342,2.7830036153356573e+17,9771,217524726,11994,1279396445,33740400000000,19878493726,pass
852,768 32,7 32,7,56,117203773.00289342,2.7842805425455853e+17,9771,217624533,11994,1279396445,38560400000000,19878493726,pass
853,768 36,7 28,7,56,117203773.00289342,2.785922306101208e+17,9771,217752856,11994,1279396445,43380500000000,19878493726,pass
854,768 40,7 24,7,56,117203773.00289342,2.7881113241753696e+17,9771,217923954,11994,1279396445,48200500000000,19878493726,pass
855,768 44,7 20,7,56,117203773.00289342,2.791175949479197e+17,9771,218163491,11994,1279396445,53020500000000,19878493726,pass
856,768 48,7 16,7,56,117203773.00289342,2.7957728874349382e+17,9771,218522796,11994,1279396445,57840500000000,19878493726,pass
857,768 52,7 12,7,56,117203773.00289342,2.8034344506945066e+17,9771,219121638,11994,1279396445,62660500000000,19878493726,pass
858,768 56,7 8,7,56,117203773.00289342,2.8187575772136435e+17,9771,220319322,11994,1279396445,67480600000000,19878493726,pass
859,768 16,8 48,6,57,58808626.4517771,3.252718960449448e+17,6836,219182977,8602,1484019883,19280400000000,20773022959,pass
860,768 20,8 44,6,57,58808626.4517771,3.253526863572026e+17,6836,219237417,8602,1484019883,24100400000000,20773022959,pass
861,768 24,8 40,6,57,58808626.4517771,3.254496347319121e+17,6836,219302745,8602,1484019883,28920400000000,20773022959,pass
862,768 28,8 36,6,57,58808626.4517771,3.255681271898903e+17,6836,219382591,8602,1484019883,33740400000000,20773022959,pass
863,768 32,8 32,6,57,58808626.4517771,3.257162427623631e+17,6836,219482398,8602,1484019883,38560400000000,20773022959,pass
864,768 36,8 28,6,57,58808626.4517771,3.259066770698281e+17,6836,219610721,8602,1484019883,43380500000000,20773022959,pass
865,768 40,8 24,6,57,58808626.4517771,3.2616058947978144e+17,6836,219781819,8602,1484019883,48200500000000,20773022959,pass
866,768 44,8 20,6,57,58808626.4517771,3.265160668537161e+17,6836,220021355,8602,1484019883,53020500000000,20773022959,pass
867,768 48,8 16,6,57,58808626.4517771,3.270492829146181e+17,6836,220380661,8602,1484019883,57840500000000,20773022959,pass
868,768 52,8 12,6,57,58808626.4517771,3.2793797634945485e+17,6836,220979503,8602,1484019883,62660500000000,20773022959,pass
869,768 56,8 8,6,57,58808626.4517771,3.297153632191282e+17,6836,222177187,8602,1484019883,67480600000000,20773022959,pass
870,768 16,9 48,4,59,11639118.13340316,3.8555973127602016e+17,3168,221511288,3673,1740587283,19280400000000,22562081426,fail
871,768 20,9 44,4,59,11639118.13340316,3.856544891642207e+17,3168,221565728,3673,1740587283,24100400000000,22562081426,fail
872,768 24,9 40,4,59,11639118.13340316,3.857681986300611e+17,3168,221631056,3673,1740587283,28920400000000,22562081426,fail
873,768 28,9 36,4,59,11639118.13340316,3.859071768660883e+17,3168,221710902,3673,1740587283,33740400000000,22562081426,fail
874,768 32,9 32,4,59,11639118.13340316,3.860808996611224e+17,3168,221810709,3673,1740587283,38560400000000,22562081426,fail
875,768 36,9 28,4,59,11639118.13340316,3.8630425754045203e+17,3168,221939032,3673,1740587283,43380500000000,22562081426,fail
876,768 40,9 24,4,59,11639118.13340316,3.866020680462247e+17,3168,222110130,3673,1740587283,48200500000000,22562081426,fail
877,768 44,9 20,4,59,11639118.13340316,3.870190027543065e+17,3168,222349666,3673,1740587283,53020500000000,22562081426,fail
878,768 48,9 16,4,59,11639118.13340316,3.8764440481642925e+17,3168,222708972,3673,1740587283,57840500000000,22562081426,fail
879,768 52,9 12,4,59,11639118.13340316,3.886867415866338e+17,3168,223307814,3673,1740587283,62660500000000,22562081426,fail
880,768 56,9 8,4,59,11639118.13340316,3.907714151270428e+17,3168,224505498,3673,1740587283,67480600000000,22562081426,fail
881,768 16,10 48,4,59,11639118.13340316,3.8555973127602016e+17,3168,221511288,3673,1740587283,19280400000000,22562081426,fail
882,768 20,10 44,4,59,11639118.13340316,3.856544891642207e+17,3168,221565728,3673,1740587283,24100400000000,22562081426,fail
883,768 24,10 40,4,59,11639118.13340316,3.857681986300611e+17,3168,221631056,3673,1740587283,28920400000000,22562081426,fail
884,768 28,10 36,4,59,11639118.13340316,3.859071768660883e+17,3168,221710902,3673,1740587283,33740400000000,22562081426,fail
885,768 32,10 32,4,59,11639118.13340316,3.860808996611224e+17,3168,221810709,3673,1740587283,38560400000000,22562081426,fail
886,768 36,10 28,4,59,11639118.13340316,3.8630425754045203e+17,3168,221939032,3673,1740587283,43380500000000,22562081426,fail
887,768 40,10 24,4,59,11639118.13340316,3.866020680462247e+17,3168,222110130,3673,1740587283,48200500000000,22562081426,fail
888,768 44,10 20,4,59,11639118.13340316,3.870190027543065e+17,3168,222349666,3673,1740587283,53020500000000,22562081426,fail
889,768 48,10 16,4,59,11639118.13340316,3.8764440481642925e+17,3168,222708972,3673,1740587283,57840500000000,22562081426,fail
890,768 52,10 12,4,59,11639118.13340316,3.886867415866338e+17,3168,223307814,3673,1740587283,62660500000000,22562081426,fail
891,768 56,10 8,4,59,11639118.13340316,3.907714151270428e+17,3168,224505498,3673,1740587283,67480600000000,22562081426,fail
892,768 16,11 48,3,60,5347373.169172256,4.154303240742585e+17,2149,221976314,2488,1871507441,19280400000000,24848100578,fail
893,768 20,11 44,3,60,5347373.169172256,4.1553220927965626e+17,2149,222030754,2488,1871507441,24100400000000,24848100578,fail
894,768 24,11 40,3,60,5347373.169172256,4.156544715261334e+17,2149,222096082,2488,1871507441,28920400000000,24848100578,fail
895,768 28,11 36,3,60,5347373.169172256,4.158039031607167e+17,2149,222175928,2488,1871507441,33740400000000,24848100578,fail
896,768 32,11 32,3,60,5347373.169172256,4.159906927039457e+17,2149,222275735,2488,1871507441,38560400000000,24848100578,fail
897,768 36,11 28,3,60,5347373.169172256,4.162308506880974e+17,2149,222404058,2488,1871507441,43380500000000,24848100578,fail
898,768 40,11 24,3,60,5347373.169172256,4.1655106133363296e+17,2149,222575156,2488,1871507441,48200500000000,24848100578,fail
899,768 44,11 20,3,60,5347373.169172256,4.169993562373827e+17,2149,222814693,2488,1871507441,53020500000000,24848100578,fail
900,768 48,11 16,3,60,5347373.169172256,4.176717985930075e+17,2149,223173998,2488,1871507441,57840500000000,24848100578,fail
901,768 52,11 12,3,60,5347373.169172256,4.18792535852382e+17,2149,223772840,2488,1871507441,62660500000000,24848100578,fail
902,768 56,11 8,3,60,5347373.169172256,4.21034010371131e+17,2149,224970524,2488,1871507441,67480600000000,24848100578,fail
903,768 16,12 48,3,60,5289720.335712585,4.329505971790232e+17,1863,221970894,2838,1950483636,19280400000000,26239590497,fail
904,768 20,12 44,3,60,5289720.335712585,4.3305678186284666e+17,1863,222025334,2838,1950483636,24100400000000,26239590497,fail
905,768 24,12 40,3,60,5289720.335712585,4.3318420348343456e+17,1863,222090662,2838,1950483636,28920400000000,26239590497,fail
906,768 28,12 36,3,60,5289720.335712585,4.3333994101970874e+17,1863,222170508,2838,1950483636,33740400000000,26239590497,fail
907,768 32,12 32,3,60,5289720.335712585,4.335346129400515e+17,1863,222270315,2838,1950483636,38560400000000,26239590497,fail
908,768 36,12 28,3,60,5289720.335712585,4.337849054090636e+17,1863,222398638,2838,1950483636,43380500000000,26239590497,fail
909,768 40,12 24,3,60,5289720.335712585,4.3411862870107974e+17,1863,222569736,2838,1950483636,48200500000000,26239590497,fail
910,768 44,12 20,3,60,5289720.335712585,4.345858413099022e+17,1863,222809273,2838,1950483636,53020500000000,26239590497,fail
911,768 48,12 16,3,60,5289720.335712585,4.352866602231362e+17,1863,223168578,2838,1950483636,57840500000000,26239590497,fail
912,768 52,12 12,3,60,5289720.335712585,4.364546917451927e+17,1863,223767420,2838,1950483636,62660500000000,26239590497,fail
913,768 56,12 8,3,60,5289720.335712585,4.387907547893056e+17,1863,224965104,2838,1950483636,67480600000000,26239590497,fail
914,768 16,13 48,2,61,1395956.4187547849,4.629789689970408e+17,844,222435920,1652,2081403794,19280400000000,28525609649,fail
915,768 20,13 44,2,61,1395956.4187547849,4.630922809980614e+17,844,222490360,1652,2081403794,24100400000000,28525609649,fail
916,768 24,13 40,2,61,1395956.4187547849,4.632282553992861e+17,844,222555688,1652,2081403794,28920400000000,28525609649,fail
917,768 28,13 36,2,61,1395956.4187547849,4.633944463341163e+17,844,222635534,1652,2081403794,33740400000000,28525609649,fail
918,768 32,13 32,2,61,1395956.4187547849,4.63602185002654e+17,844,222735341,1652,2081403794,38560400000000,28525609649,fail
919,768 36,13 28,2,61,1395956.4187547849,4.638692775764882e+17,844,222863664,1652,2081403794,43380500000000,28525609649,fail
920,768 40,13 24,2,61,1395956.4187547849,4.6422540100826726e+17,844,223034762,1652,2081403794,48200500000000,28525609649,fail
921,768 44,13 20,2,61,1395956.4187547849,4.647239738127577e+17,844,223274299,1652,2081403794,53020500000000,28525609649,fail
922,768 48,13 16,2,61,1395956.4187547849,4.654718330194937e+17,844,223633604,1652,2081403794,57840500000000,28525609649,fail
923,768 52,13 12,2,61,1395956.4187547849,4.667182650307201e+17,844,224232446,1652,2081403794,62660500000000,28525609649,fail
924,768 56,13 8,2,61,1395956.4187547849,4.69211129053173e+17,844,225430130,1652,2081403794,67480600000000,28525609649,fail
925,768 16,14 48,1,62,12986.899205455,4.755367974919654e+17,110,222906366,117,2133347757,19280400000000,29420138882,fail
926,768 20,14 44,1,62,12986.899205455,4.7565293733175763e+17,110,222960806,117,2133347757,24100400000000,29420138882,fail
927,768 24,14 40,1,62,12986.899205455,4.757923051395083e+17,110,223026135,117,2133347757,28920400000000,29420138882,fail
928,768 28,14 36,1,62,12986.899205455,4.759626435712035e+17,110,223105980,117,2133347757,33740400000000,29420138882,fail
929,768 32,14 32,1,62,12986.899205455,4.761755666108226e+17,110,223205787,117,2133347757,38560400000000,29420138882,fail
930,768 36,14 28,1,62,12986.899205455,4.7644932480461856e+17,110,223334110,117,2133347757,43380500000000,29420138882,fail
931,768 40,14 24,1,62,12986.899205455,4.768143357296798e+17,110,223505208,117,2133347757,48200500000000,29420138882,fail
932,768 44,14 20,1,62,12986.899205455,4.773253510247656e+17,110,223744745,117,2133347757,53020500000000,29420138882,fail
933,768 48,14 16,1,62,12986.899205455,4.7809187396739424e+17,110,224104050,117,2133347757,57840500000000,29420138882,fail
934,768 52,14 12,1,62,12986.899205455,4.7936941220510874e+17,110,224702892,117,2133347757,62660500000000,29420138882,fail
935,768 56,14 8,1,62,12986.899205455,4.819244886805376e+17,110,225900576,117,2133347757,67480600000000,29420138882,fail
936,768 16,15 48,1,62,12986.899205455,4.755367974919654e+17,110,222906366,117,2133347757,19280400000000,29420138882,fail
937,768 20,15 44,1,62,12986.899205455,4.7565293733175763e+17,110,222960806,117,2133347757,24100400000000,29420138882,fail
938,768 24,15 40,1,62,12986.899205455,4.757923051395083e+17,110,223026135,117,2133347757,28920400000000,29420138882,fail
939,768 28,15 36,1,62,12986.899205455,4.759626435712035e+17,110,223105980,117,2133347757,33740400000000,29420138882,fail
940,768 32,15 32,1,62,12986.899205455,4.761755666108226e+17,110,223205787,117,2133347757,38560400000000,29420138882,fail
941,768 36,15 28,1,62,12986.899205455,4.7644932480461856e+17,110,223334110,117,2133347757,43380500000000,29420138882,fail
942,768 40,15 24,1,62,12986.899205455,4.768143357296798e+17,110,223505208,117,2133347757,48200500000000,29420138882,fail
943,768 44,15 20,1,62,12986.899205455,4.773253510247656e+17,110,223744745,117,2133347757,53020500000000,29420138882,fail
944,768 48,15 16,1,62,12986.899205455,4.7809187396739424e+17,110,224104050,117,2133347757,57840500000000,29420138882,fail
945,768 52,15 12,1,62,12986.899205455,4.7936941220510874e+17,110,224702892,117,2133347757,62660500000000,29420138882,fail
946,768 56,15 8,1,62,12986.899205455,4.819244886805376e+17,110,225900576,117,2133347757,67480600000000,29420138882,fail
947,768 16,16 48,1,62,12986.899205455,4.755367974919654e+17,110,222906366,117,2133347757,19280400000000,29420138882,fail
948,768 20,16 44,1,62,12986.899205455,4.7565293733175763e+17,110,222960806,117,2133347757,24100400000000,29420138882,fail
949,768 24,16 40,1,62,12986.899205455,4.757923051395083e+17,110,223026135,117,2133347757,28920400000000,29420138882,fail
950,768 28,16 36,1,62,12986.899205455,4.759626435712035e+17,110,223105980,117,2133347757,33740400000000,29420138882,fail
951,768 32,16 32,1,62,12986.899205455,4.761755666108226e+17,110,223205787,117,2133347757,38560400000000,29420138882,fail
952,768 36,16 28,1,62,12986.899205455,4.7644932480461856e+17,110,223334110,117,2133347757,43380500000000,29420138882,fail
953,768 40,16 24,1,62,12986.899205455,4.768143357296798e+17,110,223505208,117,2133347757,48200500000000,29420138882,fail
954,768 44,16 20,1,62,12986.899205455,4.773253510247656e+17,110,223744745,117,2133347757,53020500000000,29420138882,fail
955,768 48,16 16,1,62,12986.899205455,4.7809187396739424e+17,110,224104050,117,2133347757,57840500000000,29420138882,fail
956,768 52,16 12,1,62,12986.899205455,4.7936941220510874e+17,110,224702892,117,2133347757,62660500000000,29420138882,fail
957,768 56,16 8,1,62,12986.899205455,4.819244886805376e+17,110,225900576,117,2133347757,67480600000000,29420138882,fail
958,768 16,17 48,1,62,12986.899205455,4.755367974919654e+17,110,222906366,117,2133347757,19280400000000,29420138882,fail
959,768 20,17 44,1,62,12986.899205455,4.7565293733175763e+17,110,222960806,117,2133347757,24100400000000,29420138882,fail
960,768 24,17 40,1,62,12986.899205455,4.757923051395083e+17,110,223026135,117,2133347757,28920400000000,29420138882,fail
961,768 28,17 36,1,62,12986.899205455,4.759626435712035e+17,110,223105980,117,2133347757,33740400000000,29420138882,fail
962,768 32,17 32,1,62,12986.899205455,4.761755666108226e+17,110,223205787,117,2133347757,38560400000000,29420138882,fail
963,768 36,17 28,1,62,12986.899205455,4.7644932480461856e+17,110,223334110,117,2133347757,43380500000000,29420138882,fail
964,768 40,17 24,1,62,12986.899205455,4.768143357296798e+17,110,223505208,117,2133347757,48200500000000,29420138882,fail
965,768 44,17 20,1,62,12986.899205455,4.773253510247656e+17,110,223744745,117,2133347757,53020500000000,29420138882,fail
966,768 48,17 16,1,62,12986.899205455,4.7809187396739424e+17,110,224104050,117,2133347757,57840500000000,29420138882,fail
967,768 52,17 12,1,62,12986.899205455,4.7936941220510874e+17,110,224702892,117,2133347757,62660500000000,29420138882,fail
968,768 56,17 8,1,62,12986.899205455,4.819244886805376e+17,110,225900576,117,2133347757,67480600000000,29420138882,fail
969,768 16,18 48,1,62,12986.899205455,4.755367974919654e+17,110,222906366,117,2133347757,19280400000000,29420138882,fail
970,768 20,18 44,1,62,12986.899205455,4.7565293733175763e+17,110,222960806,117,2133347757,24100400000000,29420138882,fail
971,768 24,18 40,1,62,12986.899205455,4.757923051395083e+17,110,223026135,117,2133347757,28920400000000,29420138882,fail
972,768 28,18 36,1,62,12986.899205455,4.759626435712035e+17,110,223105980,117,2133347757,33740400000000,29420138882,fail
973,768 32,18 32,1,62,12986.899205455,4.761755666108226e+17,110,223205787,117,2133347757,38560400000000,29420138882,fail
974,768 36,18 28,1,62,12986.899205455,4.7644932480461856e+17,110,223334110,117,2133347757,43380500000000,29420138882,fail
975,768 40,18 24,1,62,12986.899205455,4.768143357296798e+17,110,223505208,117,2133347757,48200500000000,29420138882,fail
976,768 44,18 20,1,62,12986.899205455,4.773253510247656e+17,110,223744745,117,2133347757,53020500000000,29420138882,fail
977,768 48,18 16,1,62,12986.899205455,4.7809187396739424e+17,110,224104050,117,2133347757,57840500000000,29420138882,fail
978,768 52,18 12,1,62,12986.899205455,4.7936941220510874e+17,110,224702892,117,2133347757,62660500000000,29420138882,fail
979,768 56,18 8,1,62,12986.899205455,4.819244886805376e+17,110,225900576,117,2133347757,67480600000000,29420138882,fail
980,768 16,19 48,1,62,12986.899205455,4.755367974919654e+17,110,222906366,117,2133347757,19280400000000,29420138882,fail
981,768 20,19 44,1,62,12986.899205455,4.7565293733175763e+17,110,222960806,117,2133347757,24100400000000,29420138882,fail
982,768 24,19 40,1,62,12986.899205455,4.757923051395083e+17,110,223026135,117,2133347757,28920400000000,29420138882,fail
983,768 28,19 36,1,62,12986.899205455,4.759626435712035e+17,110,223105980,117,2133347757,33740400000000,29420138882,fail
984,768 32,19 32,1,62,12986.899205455,4.761755666108226e+17,110,223205787,117,2133347757,38560400000000,29420138882,fail
985,768 36,19 28,1,62,12986.899205455,4.7644932480461856e+17,110,223334110,117,2133347757,43380500000000,29420138882,fail
986,768 40,19 24,1,62,12986.899205455,4.768143357296798e+17,110,223505208,117,2133347757,48200500000000,29420138882,fail
987,768 44,19 20,1,62,12986.899205455,4.773253510247656e+17,110,223744745,117,2133347757,53020500000000,29420138882,fail
988,768 48,19 16,1,62,12986.899205455,4.7809187396739424e+17,110,224104050,117,2133347757,57840500000000,29420138882,fail
989,768 52,19 12,1,62,12986.899205455,4.7936941220510874e+17,110,224702892,117,2133347757,62660500000000,29420138882,fail
990,768 56,19 8,1,62,12986.899205455,4.819244886805376e+17,110,225900576,117,2133347757,67480600000000,29420138882,fail
991,768 16,20 48,1,62,12986.899205455,4.755367974919654e+17,110,222906366,117,2133347757,19280400000000,29420138882,fail
992,768 20,20 44,1,62,12986.899205455,4.7565293733175763e+17,110,222960806,117,2133347757,24100400000000,29420138882,fail
993,768 24,20 40,1,62,12986.899205455,4.757923051395083e+17,110,223026135,117,2133347757,28920400000000,29420138882,fail
994,768 28,20 36,1,62,12986.899205455,4.759626435712035e+17,110,223105980,117,2133347757,33740400000000,29420138882,fail
995,768 32,20 32,1,62,12986.899205455,4.761755666108226e+17,110,223205787,117,2133347757,38560400000000,29420138882,fail
996,768 36,20 28,1,62,12986.899205455,4.7644932480461856e+17,110,223334110,117,2133347757,43380500000000,29420138882,fail
997,768 40,20 24,1,62,12986.899205455,4.768143357296798e+17,110,223505208,117,2133347757,48200500000000,29420138882,fail
998,768 44,20 20,1,62,12986.899205455,4.773253510247656e+17,110,223744745,117,2133347757,53020500000000,29420138882,fail
999,768 48,20 16,1,62,12986.899205455,4.7809187396739424e+17,110,224104050,117,2133347757,57840500000000,29420138882,fail
1000,768 52,20 12,1,62,12986.899205455,4.7936941220510874e+17,110,224702892,117,2133347757,62660500000000,29420138882,fail
1001,768 56,20 8,1,62,12986.899205455,4.819244886805376e+17,110,225900576,117,2133347757,67480600000000,29420138882,fail
1002,768 16,21 48,1,62,12986.899205455,4.755367974919654e+17,110,222906366,117,2133347757,19280400000000,29420138882,fail
1003,768 20,21 44,1,62,12986.899205455,4.7565293733175763e+17,110,222960806,117,2133347757,24100400000000,29420138882,fail
1004,768 24,21 40,1,62,12986.899205455,4.757923051395083e+17,110,223026135,117,2133347757,28920400000000,29420138882,fail
1005,768 28,21 36,1,62,12986.899205455,4.759626435712035e+17,110,223105980,117,2133347757,33740400000000,29420138882,fail
1006,768 32,21 32,1,62,12986.899205455,4.761755666108226e+17,110,223205787,117,2133347757,38560400000000,29420138882,fail
1007,768 36,21 28,1,62,12986.899205455,4.7644932480461856e+17,110,223334110,117,2133347757,43380500000000,29420138882,fail
1008,768 40,21 24,1,62,12986.899205455,4.768143357296798e+17,110,223505208,117,2133347757,48200500000000,29420138882,fail
1009,768 44,21 20,1,62,12986.899205455,4.773253510247656e+17,110,223744745,117,2133347757,53020500000000,29420138882,fail
1010,768 48,21 16,1,62,12986.899205455,4.7809187396739424e+17,110,224104050,117,2133347757,57840500000000,29420138882,fail
1011,768 52,21 12,1,62,12986.899205455,4.7936941220510874e+17,110,224702892,117,2133347757,62660500000000,29420138882,fail
1012,768 56,21 8,1,62,12986.899205455,4.819244886805376e+17,110,225900576,117,2133347757,67480600000000,29420138882,fail
1013,768 16,22 48,1,62,12986.899205455,4.755367974919654e+17,110,222906366,117,2133347757,19280400000000,29420138882,fail
1014,768 20,22 44,1,62,12986.899205455,4.7565293733175763e+17,110,222960806,117,2133347757,24100400000000,29420138882,fail
1015,768 24,22 40,1,62,12986.899205455,4.757923051395083e+17,110,223026135,117,2133347757,28920400000000,29420138882,fail
1016,768 28,22 36,1,62,12986.899205455,4.759626435712035e+17,110,223105980,117,2133347757,33740400000000,29420138882,fail
1017,768 32,22 32,1,62,12986.899205455,4.761755666108226e+17,110,223205787,117,2133347757,38560400000000,29420138882,fail
1018,768 36,22 28,1,62,12986.899205455,4.7644932480461856e+17,110,223334110,117,2133347757,43380500000000,29420138882,fail
1019,768 40,22 24,1,62,12986.899205455,4.768143357296798e+17,110,223505208,117,2133347757,48200500000000,29420138882,fail
1020,768 44,22 20,1,62,12986.899205455,4.773253510247656e+17,110,223744745,117,2133347757,53020500000000,29420138882,fail
1021,768 48,22 16,1,62,12986.899205455,4.7809187396739424e+17,110,224104050,117,2133347757,57840500000000,29420138882,fail
1022,768 52,22 12,1,62,12986.899205455,4.7936941220510874e+17,110,224702892,117,2133347757,62660500000000,29420138882,fail
1023,768 56,22 8,1,62,12986.899205455,4.819244886805376e+17,110,225900576,117,2133347757,67480600000000,29420138882,fail
1024,768 16,23 48,1,62,12986.899205455,4.755367974919654e+17,110,222906366,117,2133347757,19280400000000,29420138882,fail
1025,768 20,23 44,1,62,12986.899205455,4.7565293733175763e+17,110,222960806,117,2133347757,24100400000000,29420138882,fail
1026,768 24,23 40,1,62,12986.899205455,4.757923051395083e+17,110,223026135,117,2133347757,28920400000000,29420138882,fail
1027,768 28,23 36,1,62,12986.899205455,4.759626435712035e+17,110,223105980,117,2133347757,33740400000000,29420138882,fail
1028,768 32,23 32,1,62,12986.899205455,4.761755666108226e+17,110,223205787,117,2133347757,38560400000000,29420138882,fail
1029,768 36,23 28,1,62,12986.899205455,4.7644932480461856e+17,110,223334110,117,2133347757,43380500000000,29420138882,fail
1030,768 40,23 24,1,62,12986.899205455,4.768143357296798e+17,110,223505208,117,2133347757,48200500000000,29420138882,fail
1031,768 44,23 20,1,62,12986.899205455,4.773253510247656e+17,110,223744745,117,2133347757,53020500000000,29420138882,fail
1032,768 48,23 16,1,62,12986.899205455,4.7809187396739424e+17,110,224104050,117,2133347757,57840500000000,29420138882,fail
1033,768 52,23 12,1,62,12986.899205455,4.7936941220510874e+17,110,224702892,117,2133347757,62660500000000,29420138882,fail
1034,768 56,23 8,1,62,12986.899205455,4.819244886805376e+17,110,225900576,117,2133347757,67480600000000,29420138882,fail
1035,768 16,24 48,1,62,12986.899205455,4.755367974919654e+17,110,222906366,117,2133347757,19280400000000,29420138882,fail
1036,768 20,24 44,1,62,12986.899205455,4.7565293733175763e+17,110,222960806,117,2133347757,24100400000000,29420138882,fail
1037,768 24,24 40,1,62,12986.899205455,4.757923051395083e+17,110,223026135,117,2133347757,28920400000000,29420138882,fail
1038,768 28,24 36,1,62,12986.899205455,4.759626435712035e+17,110,223105980,117,2133347757,33740400000000,29420138882,fail
1039,768 32,24 32,1,62,12986.899205455,4.761755666108226e+17,110,223205787,117,2133347757,38560400000000,29420138882,fail
1040,768 36,24 28,1,62,12986.899205455,4.7644932480461856e+17,110,223334110,117,2133347757,43380500000000,29420138882,fail
1041,768 40,24 24,1,62,12986.899205455,4.768143357296798e+17,110,223505208,117,2133347757,48200500000000,29420138882,fail
1042,768 44,24 20,1,62,12986.899205455,4.773253510247656e+17,110,223744745,117,2133347757,53020500000000,29420138882,fail
1043,768 48,24 16,1,62,12986.899205455,4.7809187396739424e+17,110,224104050,117,2133347757,57840500000000,29420138882,fail
1044,768 52,24 12,1,62,12986.899205455,4.7936941220510874e+17,110,224702892,117,2133347757,62660500000000,29420138882,fail
1045,768 56,24 8,1,62,12986.899205455,4.819244886805376e+17,110,225900576,117,2133347757,67480600000000,29420138882,fail
1046,896 16,6 48,9,54,258351163.90864742,2.3767594787709894e+17,15640,213609382,16517,1112666236,22485600000000,19149618054,pass
1047,896 20,6 44,9,54,258351163.90864742,2.3773652162930592e+17,15640,213663822,16517,1112666236,28106900000000,19149618054,pass
1048,896 24,6 40,9,54,258351163.90864742,2.378092101319543e+17,15640,213729151,16517,1112666236,33728200000000,19149618054,pass
1049,896 28,6 36,9,54,258351163.90864742,2.3789805163519126e+17,15640,213808996,16517,1112666236,39349500000000,19149618054,pass
1050,896 32,6 32,9,54,258351163.90864742,2.3800910351423744e+17,15640,213908803,16517,1112666236,44970800000000,19149618054,pass
1051,896 36,6 28,9,54,258351163.90864742,2.3815188450158253e+17,15640,214037126,16517,1112666236,50592100000000,19149618054,pass
1052,896 40,6 24,9,54,258351163.90864742,2.3834225915137594e+17,15640,214208224,16517,1112666236,56213400000000,19149618054,pass
1053,896 44,6 20,9,54,258351163.90864742,2.386087836610867e+17,15640,214447761,16517,1112666236,61834700000000,19149618054,pass
1054,896 48,6 16,9,54,258351163.90864742,2.390085704256529e+17,15640,214807066,16517,1112666236,67456000000000,19149618054,pass
1055,896 52,6 12,9,54,258351163.90864742,2.396748816999299e+17,15640,215405908,16517,1112666236,73077300000000,19149618054,pass
1056,896 56,6 8,9,54,258351163.90864742,2.4100750424848384e+17,15640,216603592,16517,1112666236,78698600000000,19149618054,fail
1057,896 16,7 48,7,56,117203773.00289342,2.7804497609158013e+17,9771,217325112,11994,1279396445,22485600000000,19878493726,pass
1058,896 20,7 44,7,56,117203773.00289342,2.7811462666666714e+17,9771,217379552,11994,1279396445,28106900000000,19878493726,pass
1059,896 24,7 40,7,56,117203773.00289342,2.7819820735677152e+17,9771,217444880,11994,1279396445,33728200000000,19878493726,pass
1060,896 28,7 36,7,56,117203773.00289342,2.7830036153356573e+17,9771,217524726,11994,1279396445,39349500000000,19878493726,pass
1061,896 32,7 32,7,56,117203773.00289342,2.7842805425455853e+17,9771,217624533,11994,1279396445,44970800000000,19878493726,pass
1062,896 36,7 28,7,56,117203773.00289342,2.785922306101208e+17,9771,217752856,11994,1279396445,50592100000000,19878493726,pass
1063,896 40,7 24,7,56,117203773.00289342,2.7881113241753696e+17,9771,217923954,11994,1279396445,56213400000000,19878493726,pass
1064,896 44,7 20,7,56,117203773.00289342,2.791175949479197e+17,9771,218163491,11994,1279396445,61834700000000,19878493726,pass
1065,896 48,7 16,7,56,117203773.00289342,2.7957728874349382e+17,9771,218522796,11994,1279396445,67456000000000,19878493726,pass
1066,896 52,7 12,7,56,117203773.00289342,2.8034344506945066e+17,9771,219121638,11994,1279396445,73077300000000,19878493726,pass
1067,896 56,7 8,7,56,117203773.00289342,2.8187575772136435e+17,9771,220319322,11994,1279396445,78698600000000,19878493726,fail
1068,896 16,8 48,6,57,58808626.4517771,3.252718960449448e+17,6836,219182977,8602,1484019883,22485600000000,20773022959,pass
1069,896 20,8 44,6,57,58808626.4517771,3.253526863572026e+17,6836,219237417,8602,1484019883,28106900000000,20773022959,pass
1070,896 24,8 40,6,57,58808626.4517771,3.254496347319121e+17,6836,219302745,8602,1484019883,33728200000000,20773022959,pass
1071,896 28,8 36,6,57,58808626.4517771,3.255681271898903e+17,6836,219382591,8602,1484019883,39349500000000,20773022959,pass
1072,896 32,8 32,6,57,58808626.4517771,3.257162427623631e+17,6836,219482398,8602,1484019883,44970800000000,20773022959,pass
1073,896 36,8 28,6,57,58808626.4517771,3.259066770698281e+17,6836,219610721,8602,1484019883,50592100000000,20773022959,pass
1074,896 40,8 24,6,57,58808626.4517771,3.2616058947978144e+17,6836,219781819,8602,1484019883,56213400000000,20773022959,pass
1075,896 44,8 20,6,57,58808626.4517771,3.265160668537161e+17,6836,220021355,8602,1484019883,61834700000000,20773022959,pass
1076,896 48,8 16,6,57,58808626.4517771,3.270492829146181e+17,6836,220380661,8602,1484019883,67456000000000,20773022959,pass
1077,896 52,8 12,6,57,58808626.4517771,3.2793797634945485e+17,6836,220979503,8602,1484019883,73077300000000,20773022959,pass
1078,896 56,8 8,6,57,58808626.4517771,3.297153632191282e+17,6836,222177187,8602,1484019883,78698600000000,20773022959,fail
1079,896 16,9 48,4,59,11639118.13340316,3.8555973127602016e+17,3168,221511288,3673,1740587283,22485600000000,22562081426,fail
1080,896 20,9 44,4,59,11639118.13340316,3.856544891642207e+17,3168,221565728,3673,1740587283,28106900000000,22562081426,fail
1081,896 24,9 40,4,59,11639118.13340316,3.857681986300611e+17,3168,221631056,3673,1740587283,33728200000000,22562081426,fail
1082,896 28,9 36,4,59,11639118.13340316,3.859071768660883e+17,3168,221710902,3673,1740587283,39349500000000,22562081426,fail
1083,896 32,9 32,4,59,11639118.13340316,3.860808996611224e+17,3168,221810709,3673,1740587283,44970800000000,22562081426,fail
1084,896 36,9 28,4,59,11639118.13340316,3.8630425754045203e+17,3168,221939032,3673,1740587283,50592100000000,22562081426,fail
1085,896 40,9 24,4,59,11639118.13340316,3.866020680462247e+17,3168,222110130,3673,1740587283,56213400000000,22562081426,fail
1086,896 44,9 20,4,59,11639118.13340316,3.870190027543065e+17,3168,222349666,3673,1740587283,61834700000000,22562081426,fail
1087,896 48,9 16,4,59,11639118.13340316,3.8764440481642925e+17,3168,222708972,3673,1740587283,67456000000000,22562081426,fail
1088,896 52,9 12,4,59,11639118.13340316,3.886867415866338e+17,3168,223307814,3673,1740587283,73077300000000,22562081426,fail
1089,896 56,9 8,4,59,11639118.13340316,3.907714151270428e+17,3168,224505498,3673,1740587283,78698600000000,22562081426,fail
1090,896 16,10 48,4,59,11639118.13340316,3.8555973127602016e+17,3168,221511288,3673,1740587283,22485600000000,22562081426,fail
1091,896 20,10 44,4,59,11639118.13340316,3.856544891642207e+17,3168,221565728,3673,1740587283,28106900000000,22562081426,fail
1092,896 24,10 40,4,59,11639118.13340316,3.857681986300611e+17,3168,221631056,3673,1740587283,33728200000000,22562081426,fail
1093,896 28,10 36,4,59,11639118.13340316,3.859071768660883e+17,3168,221710902,3673,1740587283,39349500000000,22562081426,fail
1094,896 32,10 32,4,59,11639118.13340316,3.860808996611224e+17,3168,221810709,3673,1740587283,44970800000000,22562081426,fail
1095,896 36,10 28,4,59,11639118.13340316,3.8630425754045203e+17,3168,221939032,3673,1740587283,50592100000000,22562081426,fail
1096,896 40,10 24,4,59,11639118.13340316,3.866020680462247e+17,3168,222110130,3673,1740587283,56213400000000,22562081426,fail
1097,896 44,10 20,4,59,11639118.13340316,3.870190027543065e+17,3168,222349666,3673,1740587283,61834700000000,22562081426,fail
1098,896 48,10 16,4,59,11639118.13340316,3.8764440481642925e+17,3168,222708972,3673,1740587283,67456000000000,22562081426,fail
1099,896 52,10 12,4,59,11639118.13340316,3.886867415866338e+17,3168,223307814,3673,1740587283,73077300000000,22562081426,fail
1100,896 56,10 8,4,59,11639118.13340316,3.907714151270428e+17,3168,224505498,3673,1740587283,78698600000000,22562081426,fail
1101,896 16,11 48,3,60,5347373.169172256,4.154303240742585e+17,2149,221976314,2488,1871507441,22485600000000,24848100578,fail
1102,896 20,11 44,3,60,5347373.169172256,4.1553220927965626e+17,2149,222030754,2488,1871507441,28106900000000,24848100578,fail
1103,896 24,11 40,3,60,5347373.169172256,4.156544715261334e+17,2149,222096082,2488,1871507441,33728200000000,24848100578,fail
1104,896 28,11 36,3,60,5347373.169172256,4.158039031607167e+17,2149,222175928,2488,1871507441,39349500000000,24848100578,fail
1105,896 32,11 32,3,60,5347373.169172256,4.159906927039457e+17,2149,222275735,2488,1871507441,44970800000000,24848100578,fail
1106,896 36,11 28,3,60,5347373.169172256,4.162308506880974e+17,2149,222404058,2488,1871507441,50592100000000,24848100578,fail
1107,896 40,11 24,3,60,5347373.169172256,4.1655106133363296e+17,2149,222575156,2488,1871507441,56213400000000,24848100578,fail
1108,896 44,11 20,3,60,5347373.169172256,4.169993562373827e+17,2149,222814693,2488,1871507441,61834700000000,24848100578,fail
1109,896 48,11 16,3,60,5347373.169172256,4.176717985930075e+17,2149,223173998,2488,1871507441,67456000000000,24848100578,fail
1110,896 52,11 12,3,60,5347373.169172256,4.18792535852382e+17,2149,223772840,2488,1871507441,73077300000000,24848100578,fail
1111,896 56,11 8,3,60,5347373.169172256,4.21034010371131e+17,2149,224970524,2488,1871507441,78698600000000,24848100578,fail
1112,896 16,12 48,3,60,5289720.335712585,4.329505971790232e+17,1863,221970894,2838,1950483636,22485600000000,26239590497,fail
1113,896 20,12 44,3,60,5289720.335712585,4.3305678186284666e+17,1863,222025334,2838,1950483636,28106900000000,26239590497,fail
1114,896 24,12 40,3,60,5289720.335712585,4.3318420348343456e+17,1863,222090662,2838,1950483636,33728200000000,26239590497,fail
1115,896 28,12 36,3,60,5289720.335712585,4.3333994101970874e+17,1863,222170508,2838,1950483636,39349500000000,26239590497,fail
1116,896 32,12 32,3,60,5289720.335712585,4.335346129400515e+17,1863,222270315,2838,1950483636,44970800000000,26239590497,fail
1117,896 36,12 28,3,60,5289720.335712585,4.337849054090636e+17,1863,222398638,2838,1950483636,50592100000000,26239590497,fail
1118,896 40,12 24,3,60,5289720.335712585,4.3411862870107974e+17,1863,222569736,2838,1950483636,56213400000000,26239590497,fail
1119,896 44,12 20,3,60,5289720.335712585,4.345858413099022e+17,1863,222809273,2838,1950483636,61834700000000,26239590497,fail
1120,896 48,12 16,3,60,5289720.335712585,4.352866602231362e+17,1863,223168578,2838,1950483636,67456000000000,26239590497,fail
1121,896 52,12 12,3,60,5289720.335712585,4.364546917451927e+17,1863,223767420,2838,1950483636,73077300000000,26239590497,fail
1122,896 56,12 8,3,60,5289720.335712585,4.387907547893056e+17,1863,224965104,2838,1950483636,78698600000000,26239590497,fail
1123,896 16,13 48,2,61,1395956.4187547849,4.629789689970408e+17,844,222435920,1652,2081403794,22485600000000,28525609649,fail
1124,896 20,13 44,2,61,1395956.4187547849,4.630922809980614e+17,844,222490360,1652,2081403794,28106900000000,28525609649,fail
1125,896 24,13 40,2,61,1395956.4187547849,4.632282553992861e+17,844,222555688,1652,2081403794,33728200000000,28525609649,fail
1126,896 28,13 36,2,61,1395956.4187547849,4.633944463341163e+17,844,222635534,1652,2081403794,39349500000000,28525609649,fail
1127,896 32,13 32,2,61,1395956.4187547849,4.63602185002654e+17,844,222735341,1652,2081403794,44970800000000,28525609649,fail
1128,896 36,13 28,2,61,1395956.4187547849,4.638692775764882e+17,844,222863664,1652,2081403794,50592100000000,28525609649,fail
1129,896 40,13 24,2,61,1395956.4187547849,4.6422540100826726e+17,844,223034762,1652,2081403794,56213400000000,28525609649,fail
1130,896 44,13 20,2,61,1395956.4187547849,4.647239738127577e+17,844,223274299,1652,2081403794,61834700000000,28525609649,fail
1131,896 48,13 16,2,61,1395956.4187547849,4.654718330194937e+17,844,223633604,1652,2081403794,67456000000000,28525609649,fail
1132,896 52,13 12,2,61,1395956.4187547849,4.667182650307201e+17,844,224232446,1652,2081403794,73077300000000,28525609649,fail
1133,896 56,13 8,2,61,1395956.4187547849,4.69211129053173e+17,844,225430130,1652,2081403794,78698600000000,28525609649,fail
1134,896 16,14 48,1,62,12986.899205455,4.755367974919654e+17,110,222906366,117,2133347757,22485600000000,29420138882,fail
1135,896 20,14 44,1,62,12986.899205455,4.7565293733175763e+17,110,222960806,117,2133347757,28106900000000,29420138882,fail
1136,896 24,14 40,1,62,12986.899205455,4.757923051395083e+17,110,223026135,117,2133347757,33728200000000,29420138882,fail
1137,896 28,14 36,1,62,12986.899205455,4.759626435712035e+17,110,223105980,117,2133347757,39349500000000,29420138882,fail
1138,896 32,14 32,1,62,12986.899205455,4.761755666108226e+17,110,223205787,117,2133347757,44970800000000,29420138882,fail
1139,896 36,14 28,1,62,12986.899205455,4.7644932480461856e+17,110,223334110,117,2133347757,50592100000000,29420138882,fail
1140,896 40,14 24,1,62,12986.899205455,4.768143357296798e+17,110,223505208,117,2133347757,56213400000000,29420138882,fail
1141,896 44,14 20,1,62,12986.899205455,4.773253510247656e+17,110,223744745,117,2133347757,61834700000000,29420138882,fail
1142,896 48,14 16,1,62,12986.899205455,4.7809187396739424e+17,110,224104050,117,2133347757,67456000000000,29420138882,fail
1143,896 52,14 12,1,62,12986.899205455,4.7936941220510874e+17,110,224702892,117,2133347757,73077300000000,29420138882,fail
1144,896 56,14 8,1,62,12986.899205455,4.819244886805376e+17,110,225900576,117,2133347757,78698600000000,29420138882,fail
1145,896 16,15 48,1,62,12986.899205455,4.755367974919654e+17,110,222906366,117,2133347757,22485600000000,29420138882,fail
1146,896 20,15 44,1,62,12986.899205455,4.7565293733175763e+17,110,222960806,117,2133347757,28106900000000,29420138882,fail
1147,896 24,15 40,1,62,12986.899205455,4.757923051395083e+17,110,223026135,117,2133347757,33728200000000,29420138882,fail
1148,896 28,15 36,1,62,12986.899205455,4.759626435712035e+17,110,223105980,117,2133347757,39349500000000,29420138882,fail
1149,896 32,15 32,1,62,12986.899205455,4.761755666108226e+17,110,223205787,117,2133347757,44970800000000,29420138882,fail
1150,896 36,15 28,1,62,12986.899205455,4.7644932480461856e+17,110,223334110,117,2133347757,50592100000000,29420138882,fail
1151,896 40,15 24,1,62,12986.899205455,4.768143357296798e+17,110,223505208,117,2133347757,56213400000000,29420138882,fail
1152,896 44,15 20,1,62,12986.899205455,4.773253510247656e+17,110,223744745,117,2133347757,61834700000000,29420138882,fail
1153,896 48,15 16,1,62,12986.899205455,4.7809187396739424e+17,110,224104050,117,2133347757,67456000000000,29420138882,fail
1154,896 52,15 12,1,62,12986.899205455,4.7936941220510874e+17,110,224702892,117,2133347757,73077300000000,29420138882,fail
1155,896 56,15 8,1,62,12986.899205455,4.819244886805376e+17,110,225900576,117,2133347757,78698600000000,29420138882,fail
1156,896 16,16 48,1,62,12986.899205455,4.755367974919654e+17,110,222906366,117,2133347757,22485600000000,29420138882,fail
1157,896 20,16 44,1,62,12986.899205455,4.7565293733175763e+17,110,222960806,117,2133347757,28106900000000,29420138882,fail
1158,896 24,16 40,1,62,12986.899205455,4.757923051395083e+17,110,223026135,117,2133347757,33728200000000,29420138882,fail
1159,896 28,16 36,1,62,12986.899205455,4.759626435712035e+17,110,223105980,117,2133347757,39349500000000,29420138882,fail
1160,896 32,16 32,1,62,12986.899205455,4.761755666108226e+17,110,223205787,117,2133347757,44970800000000,29420138882,fail
1161,896 36,16 28,1,62,12986.899205455,4.7644932480461856e+17,110,223334110,117,2133347757,50592100000000,29420138882,fail
1162,896 40,16 24,1,62,12986.899205455,4.768143357296798e+17,110,223505208,117,2133347757,56213400000000,29420138882,fail
1163,896 44,16 20,1,62,12986.899205455,4.773253510247656e+17,110,223744745,117,2133347757,61834700000000,29420138882,fail
1164,896 48,16 16,1,62,12986.899205455,4.7809187396739424e+17,110,224104050,117,2133347757,67456000000000,29420138882,fail
1165,896 52,16 12,1,62,12986.899205455,4.7936941220510874e+17,110,224702892,117,2133347757,73077300000000,29420138882,fail
1166,896 56,16 8,1,62,12986.899205455,4.819244886805376e+17,110,225900576,117,2133347757,78698600000000,29420138882,fail
1167,896 16,17 48,1,62,12986.899205455,4.755367974919654e+17,110,222906366,117,2133347757,22485600000000,29420138882,fail
1168,896 20,17 44,1,62,12986.899205455,4.7565293733175763e+17,110,222960806,117,2133347757,28106900000000,29420138882,fail
1169,896 24,17 40,1,62,12986.899205455,4.757923051395083e+17,110,223026135,117,2133347757,33728200000000,29420138882,fail
1170,896 28,17 36,1,62,12986.899205455,4.759626435712035e+17,110,223105980,117,2133347757,39349500000000,29420138882,fail
1171,896 32,17 32,1,62,12986.899205455,4.761755666108226e+17,110,223205787,117,2133347757,44970800000000,29420138882,fail
1172,896 36,17 28,1,62,12986.899205455,4.7644932480461856e+17,110,223334110,117,2133347757,50592100000000,29420138882,fail
1173,896 40,17 24,1,62,12986.899205455,4.768143357296798e+17,110,223505208,117,2133347757,56213400000000,29420138882,fail
1174,896 44,17 20,1,62,12986.899205455,4.773253510247656e+17,110,223744745,117,2133347757,61834700000000,29420138882,fail
1175,896 48,17 16,1,62,12986.899205455,4.7809187396739424e+17,110,224104050,117,2133347757,67456000000000,29420138882,fail
1176,896 52,17 12,1,62,12986.899205455,4.7936941220510874e+17,110,224702892,117,2133347757,73077300000000,29420138882,fail
1177,896 56,17 8,1,62,12986.899205455,4.819244886805376e+17,110,225900576,117,2133347757,78698600000000,29420138882,fail
1178,896 16,18 48,1,62,12986.899205455,4.755367974919654e+17,110,222906366,117,2133347757,22485600000000,29420138882,fail
1179,896 20,18 44,1,62,12986.899205455,4.7565293733175763e+17,110,222960806,117,2133347757,28106900000000,29420138882,fail
1180,896 24,18 40,1,62,12986.899205455,4.757923051395083e+17,110,223026135,117,2133347757,33728200000000,29420138882,fail
1181,896 28,18 36,1,62,12986.899205455,4.759626435712035e+17,110,223105980,117,2133347757,39349500000000,29420138882,fail
1182,896 32,18 32,1,62,12986.899205455,4.761755666108226e+17,110,223205787,117,2133347757,44970800000000,29420138882,fail
1183,896 36,18 28,1,62,12986.899205455,4.7644932480461856e+17,110,223334110,117,2133347757,50592100000000,29420138882,fail
1184,896 40,18 24,1,62,12986.899205455,4.768143357296798e+17,110,223505208,117,2133347757,56213400000000,29420138882,fail
1185,896 44,18 20,1,62,12986.899205455,4.773253510247656e+17,110,223744745,117,2133347757,61834700000000,29420138882,fail
1186,896 48,18 16,1,62,12986.899205455,4.7809187396739424e+17,110,224104050,117,2133347757,67456000000000,29420138882,fail
1187,896 52,18 12,1,62,12986.899205455,4.7936941220510874e+17,110,224702892,117,2133347757,73077300000000,29420138882,fail
1188,896 56,18 8,1,62,12986.899205455,4.819244886805376e+17,110,225900576,117,2133347757,78698600000000,29420138882,fail
1189,896 16,19 48,1,62,12986.899205455,4.755367974919654e+17,110,222906366,117,2133347757,22485600000000,29420138882,fail
1190,896 20,19 44,1,62,12986.899205455,4.7565293733175763e+17,110,222960806,117,2133347757,28106900000000,29420138882,fail
1191,896 24,19 40,1,62,12986.899205455,4.757923051395083e+17,110,223026135,117,2133347757,33728200000000,29420138882,fail
1192,896 28,19 36,1,62,12986.899205455,4.759626435712035e+17,110,223105980,117,2133347757,39349500000000,29420138882,fail
1193,896 32,19 32,1,62,12986.899205455,4.761755666108226e+17,110,223205787,117,2133347757,44970800000000,29420138882,fail
1194,896 36,19 28,1,62,12986.899205455,4.7644932480461856e+17,110,223334110,117,2133347757,50592100000000,29420138882,fail
1195,896 40,19 24,1,62,12986.899205455,4.768143357296798e+17,110,223505208,117,2133347757,56213400000000,29420138882,fail
1196,896 44,19 20,1,62,12986.899205455,4.773253510247656e+17,110,223744745,117,2133347757,61834700000000,29420138882,fail
1197,896 48,19 16,1,62,12986.899205455,4.7809187396739424e+17,110,224104050,117,2133347757,67456000000000,29420138882,fail
1198,896 52,19 12,1,62,12986.899205455,4.7936941220510874e+17,110,224702892,117,2133347757,73077300000000,29420138882,fail
1199,896 56,19 8,1,62,12986.899205455,4.819244886805376e+17,110,225900576,117,2133347757,78698600000000,29420138882,fail
1200,896 16,20 48,1,62,12986.899205455,4.755367974919654e+17,110,222906366,117,2133347757,22485600000000,29420138882,fail
1201,896 20,20 44,1,62,12986.899205455,4.7565293733175763e+17,110,222960806,117,2133347757,28106900000000,29420138882,fail
1202,896 24,20 40,1,62,12986.899205455,4.757923051395083e+17,110,223026135,117,2133347757,33728200000000,29420138882,fail
1203,896 28,20 36,1,62,12986.899205455,4.759626435712035e+17,110,223105980,117,2133347757,39349500000000,29420138882,fail
1204,896 32,20 32,1,62,12986.899205455,4.761755666108226e+17,110,223205787,117,2133347757,44970800000000,29420138882,fail
1205,896 36,20 28,1,62,12986.899205455,4.7644932480461856e+17,110,223334110,117,2133347757,50592100000000,29420138882,fail
1206,896 40,20 24,1,62,12986.899205455,4.768143357296798e+17,110,223505208,117,2133347757,56213400000000,29420138882,fail
1207,896 44,20 20,1,62,12986.899205455,4.773253510247656e+17,110,223744745,117,2133347757,61834700000000,29420138882,fail
1208,896 48,20 16,1,62,12986.899205455,4.7809187396739424e+17,110,224104050,117,2133347757,67456000000000,29420138882,fail
1209,896 52,20 12,1,62,12986.899205455,4.7936941220510874e+17,110,224702892,117,2133347757,73077300000000,29420138882,fail
1210,896 56,20 8,1,62,12986.899205455,4.819244886805376e+17,110,225900576,117,2133347757,78698600000000,29420138882,fail
1211,896 16,21 48,1,62,12986.899205455,4.755367974919654e+17,110,222906366,117,2133347757,22485600000000,29420138882,fail
1212,896 20,21 44,1,62,12986.899205455,4.7565293733175763e+17,110,222960806,117,2133347757,28106900000000,29420138882,fail
1213,896 24,21 40,1,62,12986.899205455,4.757923051395083e+17,110,223026135,117,2133347757,33728200000000,29420138882,fail
1214,896 28,21 36,1,62,12986.899205455,4.759626435712035e+17,110,223105980,117,2133347757,39349500000000,29420138882,fail
1215,896 32,21 32,1,62,12986.899205455,4.761755666108226e+17,110,223205787,117,2133347757,44970800000000,29420138882,fail
1216,896 36,21 28,1,62,12986.899205455,4.7644932480461856e+17,110,223334110,117,2133347757,50592100000000,29420138882,fail
1217,896 40,21 24,1,62,12986.899205455,4.768143357296798e+17,110,223505208,117,2133347757,56213400000000,29420138882,fail
1218,896 44,21 20,1,62,12986.899205455,4.773253510247656e+17,110,223744745,117,2133347757,61834700000000,29420138882,fail
1219,896 48,21 16,1,62,12986.899205455,4.7809187396739424e+17,110,224104050,117,2133347757,67456000000000,29420138882,fail
1220,896 52,21 12,1,62,12986.899205455,4.7936941220510874e+17,110,224702892,117,2133347757,73077300000000,29420138882,fail
1221,896 56,21 8,1,62,12986.899205455,4.819244886805376e+17,110,225900576,117,2133347757,78698600000000,29420138882,fail
1222,896 16,22 48,1,62,12986.899205455,4.755367974919654e+17,110,222906366,117,2133347757,22485600000000,29420138882,fail
1223,896 20,22 44,1,62,12986.899205455,4.7565293733175763e+17,110,222960806,117,2133347757,28106900000000,29420138882,fail
1224,896 24,22 40,1,62,12986.899205455,4.757923051395083e+17,110,223026135,117,2133347757,33728200000000,29420138882,fail
1225,896 28,22 36,1,62,12986.899205455,4.759626435712035e+17,110,223105980,117,2133347757,39349500000000,29420138882,fail
1226,896 32,22 32,1,62,12986.899205455,4.761755666108226e+17,110,223205787,117,2133347757,44970800000000,29420138882,fail
1227,896 36,22 28,1,62,12986.899205455,4.7644932480461856e+17,110,223334110,117,2133347757,50592100000000,29420138882,fail
1228,896 40,22 24,1,62,12986.899205455,4.768143357296798e+17,110,223505208,117,2133347757,56213400000000,29420138882,fail
1229,896 44,22 20,1,62,12986.899205455,4.773253510247656e+17,110,223744745,117,2133347757,61834700000000,29420138882,fail
1230,896 48,22 16,1,62,12986.899205455,4.7809187396739424e+17,110,224104050,117,2133347757,67456000000000,29420138882,fail
1231,896 52,22 12,1,62,12986.899205455,4.7936941220510874e+17,110,224702892,117,2133347757,73077300000000,29420138882,fail
1232,896 56,22 8,1,62,12986.899205455,4.819244886805376e+17,110,225900576,117,2133347757,78698600000000,29420138882,fail
1233,896 16,23 48,1,62,12986.899205455,4.755367974919654e+17,110,222906366,117,2133347757,22485600000000,29420138882,fail
1234,896 20,23 44,1,62,12986.899205455,4.7565293733175763e+17,110,222960806,117,2133347757,28106900000000,29420138882,fail
1235,896 24,23 40,1,62,12986.899205455,4.757923051395083e+17,110,223026135,117,2133347757,33728200000000,29420138882,fail
1236,896 28,23 36,1,62,12986.899205455,4.759626435712035e+17,110,223105980,117,2133347757,39349500000000,29420138882,fail
1237,896 32,23 32,1,62,12986.899205455,4.761755666108226e+17,110,223205787,117,2133347757,44970800000000,29420138882,fail
1238,896 36,23 28,1,62,12986.899205455,4.7644932480461856e+17,110,223334110,117,2133347757,50592100000000,29420138882,fail
1239,896 40,23 24,1,62,12986.899205455,4.768143357296798e+17,110,223505208,117,2133347757,56213400000000,29420138882,fail
1240,896 44,23 20,1,62,12986.899205455,4.773253510247656e+17,110,223744745,117,2133347757,61834700000000,29420138882,fail
1241,896 48,23 16,1,62,12986.899205455,4.7809187396739424e+17,110,224104050,117,2133347757,67456000000000,29420138882,fail
1242,896 52,23 12,1,62,12986.899205455,4.7936941220510874e+17,110,224702892,117,2133347757,73077300000000,29420138882,fail
1243,896 56,23 8,1,62,12986.899205455,4.819244886805376e+17,110,225900576,117,2133347757,78698600000000,29420138882,fail
1244,896 16,24 48,1,62,12986.899205455,4.755367974919654e+17,110,222906366,117,2133347757,22485600000000,29420138882,fail
1245,896 20,24 44,1,62,12986.899205455,4.7565293733175763e+17,110,222960806,117,2133347757,28106900000000,29420138882,fail
1246,896 24,24 40,1,62,12986.899205455,4.757923051395083e+17,110,223026135,117,2133347757,33728200000000,29420138882,fail
1247,896 28,24 36,1,62,12986.899205455,4.759626435712035e+17,110,223105980,117,2133347757,39349500000000,29420138882,fail
1248,896 32,24 32,1,62,12986.899205455,4.761755666108226e+17,110,223205787,117,2133347757,44970800000000,29420138882,fail
1249,896 36,24 28,1,62,12986.899205455,4.7644932480461856e+17,110,223334110,117,2133347757,50592100000000,29420138882,fail
1250,896 40,24 24,1,62,12986.899205455,4.768143357296798e+17,110,223505208,117,2133347757,56213400000000,29420138882,fail
1251,896 44,24 20,1,62,12986.899205455,4.773253510247656e+17,110,223744745,117,2133347757,61834700000000,29420138882,fail
1252,896 48,24 16,1,62,12986.899205455,4.7809187396739424e+17,110,224104050,117,2133347757,67456000000000,29420138882,fail
1253,896 52,24 12,1,62,12986.899205455,4.7936941220510874e+17,110,224702892,117,2133347757,73077300000000,29420138882,fail
1254,896 56,24 8,1,62,12986.899205455,4.819244886805376e+17,110,225900576,117,2133347757,78698600000000,29420138882,fail
1255,1024 16,6 48,9,54,803889298.1729724,2.534567003461051e+17,14030,215443455,57294,1176441866,25690900000000,3280006839,pass
1256,1024 20,6 44,9,54,803889298.1729724,2.5351955506824954e+17,14030,215496882,57294,1176441866,32113400000000,3280006839,pass
1257,1024 24,6 40,9,54,803889298.1729724,2.5359498073482298e+17,14030,215560996,57294,1176441866,38536000000000,3280006839,pass
1258,1024 28,6 36,9,54,803889298.1729724,2.536871676606349e+17,14030,215639357,57294,1176441866,44958600000000,3280006839,pass
1259,1024 32,6 32,9,54,803889298.1729724,2.5380240131789984e+17,14030,215737308,57294,1176441866,51381200000000,3280006839,pass
1260,1024 36,6 28,9,54,803889298.1729724,2.539505588772405e+17,14030,215863245,57294,1176441866,57803700000000,3280006839,pass
1261,1024 40,6 24,9,54,803889298.1729724,2.5414810228969456e+17,14030,216031161,57294,1176441866,64226300000000,3280006839,pass
1262,1024 44,6 20,9,54,803889298.1729724,2.5442466306713037e+17,14030,216266243,57294,1176441866,70648900000000,3280006839,pass
1263,1024 48,6 16,9,54,803889298.1729724,2.5483950423328406e+17,14030,216618867,57294,1176441866,77071500000000,3280006839,pass
1264,1024 52,6 12,9,54,803889298.1729724,2.5553090617687354e+17,14030,217206573,57294,1176441866,83494100000000,3280006839,fail
1265,1024 56,6 8,9,54,803889298.1729724,2.569137100640525e+17,14030,218381985,57294,1176441866,89916600000000,3280006839,fail
1266,1024 16,7 48,7,56,98866743.0938278,2.7804497609158013e+17,8242,217325112,11994,1279396445,25690900000000,19878493726,pass
1267,1024 20,7 44,7,56,98866743.0938278,2.7811462666666714e+17,8242,217379552,11994,1279396445,32113400000000,19878493726,pass
1268,1024 24,7 40,7,56,98866743.0938278,2.7819820735677152e+17,8242,217444880,11994,1279396445,38536000000000,19878493726,pass
1269,1024 28,7 36,7,56,98866743.0938278,2.7830036153356573e+17,8242,217524726,11994,1279396445,44958600000000,19878493726,pass
1270,1024 32,7 32,7,56,98866743.0938278,2.7842805425455853e+17,8242,217624533,11994,1279396445,51381200000000,19878493726,pass
1271,1024 36,7 28,7,56,98866743.0938278,2.785922306101208e+17,8242,217752856,11994,1279396445,57803700000000,19878493726,pass
1272,1024 40,7 24,7,56,98866743.0938278,2.7881113241753696e+17,8242,217923954,11994,1279396445,64226300000000,19878493726,pass
1273,1024 44,7 20,7,56,98866743.0938278,2.791175949479197e+17,8242,218163491,11994,1279396445,70648900000000,19878493726,pass
1274,1024 48,7 16,7,56,98866743.0938278,2.7957728874349382e+17,8242,218522796,11994,1279396445,77071500000000,19878493726,pass
1275,1024 52,7 12,7,56,98866743.0938278,2.8034344506945066e+17,8242,219121638,11994,1279396445,83494100000000,19878493726,fail
1276,1024 56,7 8,7,56,98866743.0938278,2.8187575772136435e+17,8242,220319322,11994,1279396445,89916600000000,19878493726,fail
1277,1024 16,8 48,6,57,252165718.6898114,3.6888935657787437e+17,5226,221017049,48247,1669053846,25690900000000,5433503141,fail
1278,1024 20,8 44,6,57,252165718.6898114,3.6897853048334483e+17,5226,221070477,48247,1669053846,32113400000000,5433503141,fail
1279,1024 24,8 40,6,57,252165718.6898114,3.690855391699093e+17,5226,221134590,48247,1669053846,38536000000000,5433503141,fail
1280,1024 28,8 36,6,57,252165718.6898114,3.692163275645993e+17,5226,221212951,48247,1669053846,44958600000000,5433503141,fail
1281,1024 32,8 32,6,57,252165718.6898114,3.693798130579617e+17,5226,221310902,48247,1669053846,51381200000000,5433503141,fail
1282,1024 36,8 28,6,57,252165718.6898114,3.69590008692285e+17,5226,221436839,48247,1669053846,57803700000000,5433503141,fail
1283,1024 40,8 24,6,57,252165718.6898114,3.698702695380491e+17,5226,221604755,48247,1669053846,64226300000000,5433503141,fail
1284,1024 44,8 20,6,57,252165718.6898114,3.7026263472211904e+17,5226,221839837,48247,1669053846,70648900000000,5433503141,fail
1285,1024 48,8 16,6,57,252165718.6898114,3.708511824982239e+17,5226,222192461,48247,1669053846,77071500000000,5433503141,fail
1286,1024 52,8 12,6,57,252165718.6898114,3.7183209545839866e+17,5226,222780167,48247,1669053846,83494100000000,5433503141,fail
1287,1024 56,8 8,6,57,252165718.6898114,3.7379392137874816e+17,5226,223955579,48247,1669053846,89916600000000,5433503141,fail
1288,1024 16,9 48,4,59,6022848.19386238,3.8555973127602016e+17,1639,221511288,3673,1740587283,25690900000000,22562081426,fail
1289,1024 20,9 44,4,59,6022848.19386238,3.856544891642207e+17,1639,221565728,3673,1740587283,32113400000000,22562081426,fail
1290,1024 24,9 40,4,59,6022848.19386238,3.857681986300611e+17,1639,221631056,3673,1740587283,38536000000000,22562081426,fail
1291,1024 28,9 36,4,59,6022848.19386238,3.859071768660883e+17,1639,221710902,3673,1740587283,44958600000000,22562081426,fail
1292,1024 32,9 32,4,59,6022848.19386238,3.860808996611224e+17,1639,221810709,3673,1740587283,51381200000000,22562081426,fail
1293,1024 36,9 28,4,59,6022848.19386238,3.8630425754045203e+17,1639,221939032,3673,1740587283,57803700000000,22562081426,fail
1294,1024 40,9 24,4,59,6022848.19386238,3.866020680462247e+17,1639,222110130,3673,1740587283,64226300000000,22562081426,fail
1295,1024 44,9 20,4,59,6022848.19386238,3.870190027543065e+17,1639,222349666,3673,1740587283,70648900000000,22562081426,fail
1296,1024 48,9 16,4,59,6022848.19386238,3.8764440481642925e+17,1639,222708972,3673,1740587283,77071500000000,22562081426,fail
1297,1024 52,9 12,4,59,6022848.19386238,3.886867415866338e+17,1639,223307814,3673,1740587283,83494100000000,22562081426,fail
1298,1024 56,9 8,4,59,6022848.19386238,3.907714151270428e+17,1639,224505498,3673,1740587283,89916600000000,22562081426,fail
1299,1024 16,10 48,4,59,6022848.19386238,3.8555973127602016e+17,1639,221511288,3673,1740587283,25690900000000,22562081426,fail
1300,1024 20,10 44,4,59,6022848.19386238,3.856544891642207e+17,1639,221565728,3673,1740587283,32113400000000,22562081426,fail
1301,1024 24,10 40,4,59,6022848.19386238,3.857681986300611e+17,1639,221631056,3673,1740587283,38536000000000,22562081426,fail
1302,1024 28,10 36,4,59,6022848.19386238,3.859071768660883e+17,1639,221710902,3673,1740587283,44958600000000,22562081426,fail
1303,1024 32,10 32,4,59,6022848.19386238,3.860808996611224e+17,1639,221810709,3673,1740587283,51381200000000,22562081426,fail
1304,1024 36,10 28,4,59,6022848.19386238,3.8630425754045203e+17,1639,221939032,3673,1740587283,57803700000000,22562081426,fail
1305,1024 40,10 24,4,59,6022848.19386238,3.866020680462247e+17,1639,222110130,3673,1740587283,64226300000000,22562081426,fail
1306,1024 44,10 20,4,59,6022848.19386238,3.870190027543065e+17,1639,222349666,3673,1740587283,70648900000000,22562081426,fail
1307,1024 48,10 16,4,59,6022848.19386238,3.8764440481642925e+17,1639,222708972,3673,1740587283,77071500000000,22562081426,fail
1308,1024 52,10 12,4,59,6022848.19386238,3.886867415866338e+17,1639,223307814,3673,1740587283,83494100000000,22562081426,fail
1309,1024 56,10 8,4,59,6022848.19386238,3.907714151270428e+17,1639,224505498,3673,1740587283,89916600000000,22562081426,fail
1310,1024 16,11 48,3,60,2811489.2450634046,4.154303240742585e+17,1129,221976314,2488,1871507441,25690900000000,24848100578,fail
1311,1024 20,11 44,3,60,2811489.2450634046,4.1553220927965626e+17,1129,222030754,2488,1871507441,32113400000000,24848100578,fail
1312,1024 24,11 40,3,60,2811489.2450634046,4.156544715261334e+17,1129,222096082,2488,1871507441,38536000000000,24848100578,fail
1313,1024 28,11 36,3,60,2811489.2450634046,4.158039031607167e+17,1129,222175928,2488,1871507441,44958600000000,24848100578,fail
1314,1024 32,11 32,3,60,2811489.2450634046,4.159906927039457e+17,1129,222275735,2488,1871507441,51381200000000,24848100578,fail
1315,1024 36,11 28,3,60,2811489.2450634046,4.162308506880974e+17,1129,222404058,2488,1871507441,57803700000000,24848100578,fail
1316,1024 40,11 24,3,60,2811489.2450634046,4.1655106133363296e+17,1129,222575156,2488,1871507441,64226300000000,24848100578,fail
1317,1024 44,11 20,3,60,2811489.2450634046,4.169993562373827e+17,1129,222814693,2488,1871507441,70648900000000,24848100578,fail
1318,1024 48,11 16,3,60,2811489.2450634046,4.176717985930075e+17,1129,223173998,2488,1871507441,77071500000000,24848100578,fail
1319,1024 52,11 12,3,60,2811489.2450634046,4.18792535852382e+17,1129,223772840,2488,1871507441,83494100000000,24848100578,fail
1320,1024 56,11 8,3,60,2811489.2450634046,4.21034010371131e+17,1129,224970524,2488,1871507441,89916600000000,24848100578,fail
1321,1024 16,12 48,3,60,2811489.2450634046,4.154303240742585e+17,1129,221976314,2488,1871507441,25690900000000,24848100578,fail
1322,1024 20,12 44,3,60,2811489.2450634046,4.1553220927965626e+17,1129,222030754,2488,1871507441,32113400000000,24848100578,fail
1323,1024 24,12 40,3,60,2811489.2450634046,4.156544715261334e+17,1129,222096082,2488,1871507441,38536000000000,24848100578,fail
1324,1024 28,12 36,3,60,2811489.2450634046,4.158039031607167e+17,1129,222175928,2488,1871507441,44958600000000,24848100578,fail
1325,1024 32,12 32,3,60,2811489.2450634046,4.159906927039457e+17,1129,222275735,2488,1871507441,51381200000000,24848100578,fail
1326,1024 36,12 28,3,60,2811489.2450634046,4.162308506880974e+17,1129,222404058,2488,1871507441,57803700000000,24848100578,fail
1327,1024 40,12 24,3,60,2811489.2450634046,4.1655106133363296e+17,1129,222575156,2488,1871507441,64226300000000,24848100578,fail
1328,1024 44,12 20,3,60,2811489.2450634046,4.169993562373827e+17,1129,222814693,2488,1871507441,70648900000000,24848100578,fail
1329,1024 48,12 16,3,60,2811489.2450634046,4.176717985930075e+17,1129,223173998,2488,1871507441,77071500000000,24848100578,fail
1330,1024 52,12 12,3,60,2811489.2450634046,4.18792535852382e+17,1129,223772840,2488,1871507441,83494100000000,24848100578,fail
1331,1024 56,12 8,3,60,2811489.2450634046,4.21034010371131e+17,1129,224970524,2488,1871507441,89916600000000,24848100578,fail
1332,1024 16,13 48,2,61,808202.1468444298,4.4542267947957357e+17,620,222441340,1302,2002427599,25690900000000,27134119730,fail
1333,1024 20,13 44,2,61,808202.1468444298,4.455316920021685e+17,620,222495780,1302,2002427599,32113400000000,27134119730,fail
1334,1024 24,13 40,2,61,808202.1468444298,4.456625070292825e+17,620,222561108,1302,2002427599,38536000000000,27134119730,fail
1335,1024 28,13 36,2,61,808202.1468444298,4.458223920624217e+17,620,222640954,1302,2002427599,44958600000000,27134119730,fail
1336,1024 32,13 32,2,61,808202.1468444298,4.460222483538458e+17,620,222740761,1302,2002427599,51381200000000,27134119730,fail
1337,1024 36,13 28,2,61,808202.1468444298,4.462792064428196e+17,620,222869084,1302,2002427599,57803700000000,27134119730,fail
1338,1024 40,13 24,2,61,808202.1468444298,4.46621817228118e+17,620,223040182,1302,2002427599,64226300000000,27134119730,fail
1339,1024 44,13 20,2,61,808202.1468444298,4.4710147232753574e+17,620,223279719,1302,2002427599,70648900000000,27134119730,fail
1340,1024 48,13 16,2,61,808202.1468444298,4.478209549766625e+17,620,223639024,1302,2002427599,77071500000000,27134119730,fail
1341,1024 52,13 12,2,61,808202.1468444298,4.49020092725207e+17,620,224237866,1302,2002427599,83494100000000,27134119730,fail
1342,1024 56,13 8,2,61,808202.1468444298,4.5141836822229594e+17,620,225435550,1302,2002427599,89916600000000,27134119730,fail
1343,1024 16,14 48,1,62,12986.899205455,4.755367974919654e+17,110,222906366,117,2133347757,25690900000000,29420138882,fail
1344,1024 20,14 44,1,62,12986.899205455,4.7565293733175763e+17,110,222960806,117,2133347757,32113400000000,29420138882,fail
1345,1024 24,14 40,1,62,12986.899205455,4.757923051395083e+17,110,223026135,117,2133347757,38536000000000,29420138882,fail
1346,1024 28,14 36,1,62,12986.899205455,4.759626435712035e+17,110,223105980,117,2133347757,44958600000000,29420138882,fail
1347,1024 32,14 32,1,62,12986.899205455,4.761755666108226e+17,110,223205787,117,2133347757,51381200000000,29420138882,fail
1348,1024 36,14 28,1,62,12986.899205455,4.7644932480461856e+17,110,223334110,117,2133347757,57803700000000,29420138882,fail
1349,1024 40,14 24,1,62,12986.899205455,4.768143357296798e+17,110,223505208,117,2133347757,64226300000000,29420138882,fail
1350,1024 44,14 20,1,62,12986.899205455,4.773253510247656e+17,110,223744745,117,2133347757,70648900000000,29420138882,fail
1351,1024 48,14 16,1,62,12986.899205455,4.7809187396739424e+17,110,224104050,117,2133347757,77071500000000,29420138882,fail
1352,1024 52,14 12,1,62,12986.899205455,4.7936941220510874e+17,110,224702892,117,2133347757,83494100000000,29420138882,fail
1353,1024 56,14 8,1,62,12986.899205455,4.819244886805376e+17,110,225900576,117,2133347757,89916600000000,29420138882,fail
1354,1024 16,15 48,1,62,12986.899205455,4.755367974919654e+17,110,222906366,117,2133347757,25690900000000,29420138882,fail
1355,1024 20,15 44,1,62,12986.899205455,4.7565293733175763e+17,110,222960806,117,2133347757,32113400000000,29420138882,fail
1356,1024 24,15 40,1,62,12986.899205455,4.757923051395083e+17,110,223026135,117,2133347757,38536000000000,29420138882,fail
1357,1024 28,15 36,1,62,12986.899205455,4.759626435712035e+17,110,223105980,117,2133347757,44958600000000,29420138882,fail
1358,1024 32,15 32,1,62,12986.899205455,4.761755666108226e+17,110,223205787,117,2133347757,51381200000000,29420138882,fail
1359,1024 36,15 28,1,62,12986.899205455,4.7644932480461856e+17,110,223334110,117,2133347757,57803700000000,29420138882,fail
1360,1024 40,15 24,1,62,12986.899205455,4.768143357296798e+17,110,223505208,117,2133347757,64226300000000,29420138882,fail
1361,1024 44,15 20,1,62,12986.899205455,4.773253510247656e+17,110,223744745,117,2133347757,70648900000000,29420138882,fail
1362,1024 48,15 16,1,62,12986.899205455,4.7809187396739424e+17,110,224104050,117,2133347757,77071500000000,29420138882,fail
1363,1024 52,15 12,1,62,12986.899205455,4.7936941220510874e+17,110,224702892,117,2133347757,83494100000000,29420138882,fail
1364,1024 56,15 8,1,62,12986.899205455,4.819244886805376e+17,110,225900576,117,2133347757,89916600000000,29420138882,fail
1365,1024 16,16 48,1,62,12986.899205455,4.755367974919654e+17,110,222906366,117,2133347757,25690900000000,29420138882,fail
1366,1024 20,16 44,1,62,12986.899205455,4.7565293733175763e+17,110,222960806,117,2133347757,32113400000000,29420138882,fail
1367,1024 24,16 40,1,62,12986.899205455,4.757923051395083e+17,110,223026135,117,2133347757,38536000000000,29420138882,fail
1368,1024 28,16 36,1,62,12986.899205455,4.759626435712035e+17,110,223105980,117,2133347757,44958600000000,29420138882,fail
1369,1024 32,16 32,1,62,12986.899205455,4.761755666108226e+17,110,223205787,117,2133347757,51381200000000,29420138882,fail
1370,1024 36,16 28,1,62,12986.899205455,4.7644932480461856e+17,110,223334110,117,2133347757,57803700000000,29420138882,fail
1371,1024 40,16 24,1,62,12986.899205455,4.768143357296798e+17,110,223505208,117,2133347757,64226300000000,29420138882,fail
1372,1024 44,16 20,1,62,12986.899205455,4.773253510247656e+17,110,223744745,117,2133347757,70648900000000,29420138882,fail
1373,1024 48,16 16,1,62,12986.899205455,4.7809187396739424e+17,110,224104050,117,2133347757,77071500000000,29420138882,fail
1374,1024 52,16 12,1,62,12986.899205455,4.7936941220510874e+17,110,224702892,117,2133347757,83494100000000,29420138882,fail
1375,1024 56,16 8,1,62,12986.899205455,4.819244886805376e+17,110,225900576,117,2133347757,89916600000000,29420138882,fail
1376,1024 16,17 48,1,62,12986.899205455,4.755367974919654e+17,110,222906366,117,2133347757,25690900000000,29420138882,fail
1377,1024 20,17 44,1,62,12986.899205455,4.7565293733175763e+17,110,222960806,117,2133347757,32113400000000,29420138882,fail
1378,1024 24,17 40,1,62,12986.899205455,4.757923051395083e+17,110,223026135,117,2133347757,38536000000000,29420138882,fail
1379,1024 28,17 36,1,62,12986.899205455,4.759626435712035e+17,110,223105980,117,2133347757,44958600000000,29420138882,fail
1380,1024 32,17 32,1,62,12986.899205455,4.761755666108226e+17,110,223205787,117,2133347757,51381200000000,29420138882,fail
1381,1024 36,17 28,1,62,12986.899205455,4.7644932480461856e+17,110,223334110,117,2133347757,57803700000000,29420138882,fail
1382,1024 40,17 24,1,62,12986.899205455,4.768143357296798e+17,110,223505208,117,2133347757,64226300000000,29420138882,fail
1383,1024 44,17 20,1,62,12986.899205455,4.773253510247656e+17,110,223744745,117,2133347757,70648900000000,29420138882,fail
1384,1024 48,17 16,1,62,12986.899205455,4.7809187396739424e+17,110,224104050,117,2133347757,77071500000000,29420138882,fail
1385,1024 52,17 12,1,62,12986.899205455,4.7936941220510874e+17,110,224702892,117,2133347757,83494100000000,29420138882,fail
1386,1024 56,17 8,1,62,12986.899205455,4.819244886805376e+17,110,225900576,117,2133347757,89916600000000,29420138882,fail
1387,1024 16,18 48,1,62,12986.899205455,4.755367974919654e+17,110,222906366,117,2133347757,25690900000000,29420138882,fail
1388,1024 20,18 44,1,62,12986.899205455,4.7565293733175763e+17,110,222960806,117,2133347757,32113400000000,29420138882,fail
1389,1024 24,18 40,1,62,12986.899205455,4.757923051395083e+17,110,223026135,117,2133347757,38536000000000,29420138882,fail
1390,1024 28,18 36,1,62,12986.899205455,4.759626435712035e+17,110,223105980,117,2133347757,44958600000000,29420138882,fail
1391,1024 32,18 32,1,62,12986.899205455,4.761755666108226e+17,110,223205787,117,2133347757,51381200000000,29420138882,fail
1392,1024 36,18 28,1,62,12986.899205455,4.7644932480461856e+17,110,223334110,117,2133347757,57803700000000,29420138882,fail
1393,1024 40,18 24,1,62,12986.899205455,4.768143357296798e+17,110,223505208,117,2133347757,64226300000000,29420138882,fail
1394,1024 44,18 20,1,62,12986.899205455,4.773253510247656e+17,110,223744745,117,2133347757,70648900000000,29420138882,fail
1395,1024 48,18 16,1,62,12986.899205455,4.7809187396739424e+17,110,224104050,117,2133347757,77071500000000,29420138882,fail
1396,1024 52,18 12,1,62,12986.899205455,4.7936941220510874e+17,110,224702892,117,2133347757,83494100000000,29420138882,fail
1397,1024 56,18 8,1,62,12986.899205455,4.819244886805376e+17,110,225900576,117,2133347757,89916600000000,29420138882,fail
1398,1024 16,19 48,1,62,12986.899205455,4.755367974919654e+17,110,222906366,117,2133347757,25690900000000,29420138882,fail
1399,1024 20,19 44,1,62,12986.899205455,4.7565293733175763e+17,110,222960806,117,2133347757,32113400000000,29420138882,fail
1400,1024 24,19 40,1,62,12986.899205455,4.757923051395083e+17,110,223026135,117,2133347757,38536000000000,29420138882,fail
1401,1024 28,19 36,1,62,12986.899205455,4.759626435712035e+17,110,223105980,117,2133347757,44958600000000,29420138882,fail
1402,1024 32,19 32,1,62,12986.899205455,4.761755666108226e+17,110,223205787,117,2133347757,51381200000000,29420138882,fail
1403,1024 36,19 28,1,62,12986.899205455,4.7644932480461856e+17,110,223334110,117,2133347757,57803700000000,29420138882,fail
1404,1024 40,19 24,1,62,12986.899205455,4.768143357296798e+17,110,223505208,117,2133347757,64226300000000,29420138882,fail
1405,1024 44,19 20,1,62,12986.899205455,4.773253510247656e+17,110,223744745,117,2133347757,70648900000000,29420138882,fail
1406,1024 48,19 16,1,62,12986.899205455,4.7809187396739424e+17,110,224104050,117,2133347757,77071500000000,29420138882,fail
1407,1024 52,19 12,1,62,12986.899205455,4.7936941220510874e+17,110,224702892,117,2133347757,83494100000000,29420138882,fail
1408,1024 56,19 8,1,62,12986.899205455,4.819244886805376e+17,110,225900576,117,2133347757,89916600000000,29420138882,fail
1409,1024 16,20 48,1,62,12986.899205455,4.755367974919654e+17,110,222906366,117,2133347757,25690900000000,29420138882,fail
1410,1024 20,20 44,1,62,12986.899205455,4.7565293733175763e+17,110,222960806,117,2133347757,32113400000000,29420138882,fail
1411,1024 24,20 40,1,62,12986.899205455,4.757923051395083e+17,110,223026135,117,2133347757,38536000000000,29420138882,fail
1412,1024 28,20 36,1,62,12986.899205455,4.759626435712035e+17,110,223105980,117,2133347757,44958600000000,29420138882,fail
1413,1024 32,20 32,1,62,12986.899205455,4.761755666108226e+17,110,223205787,117,2133347757,51381200000000,29420138882,fail
1414,1024 36,20 28,1,62,12986.899205455,4.7644932480461856e+17,110,223334110,117,2133347757,57803700000000,29420138882,fail
1415,1024 40,20 24,1,62,12986.899205455,4.768143357296798e+17,110,223505208,117,2133347757,64226300000000,29420138882,fail
1416,1024 44,20 20,1,62,12986.899205455,4.773253510247656e+17,110,223744745,117,2133347757,70648900000000,29420138882,fail
1417,1024 48,20 16,1,62,12986.899205455,4.7809187396739424e+17,110,224104050,117,2133347757,77071500000000,29420138882,fail
1418,1024 52,20 12,1,62,12986.899205455,4.7936941220510874e+17,110,224702892,117,2133347757,83494100000000,29420138882,fail
1419,1024 56,20 8,1,62,12986.899205455,4.819244886805376e+17,110,225900576,117,2133347757,89916600000000,29420138882,fail
1420,1024 16,21 48,1,62,12986.899205455,4.755367974919654e+17,110,222906366,117,2133347757,25690900000000,29420138882,fail
1421,1024 20,21 44,1,62,12986.899205455,4.7565293733175763e+17,110,222960806,117,2133347757,32113400000000,29420138882,fail
1422,1024 24,21 40,1,62,12986.899205455,4.757923051395083e+17,110,223026135,117,2133347757,38536000000000,29420138882,fail
1423,1024 28,21 36,1,62,12986.899205455,4.759626435712035e+17,110,223105980,117,2133347757,44958600000000,29420138882,fail
1424,1024 32,21 32,1,62,12986.899205455,4.761755666108226e+17,110,223205787,117,2133347757,51381200000000,29420138882,fail
1425,1024 36,21 28,1,62,12986.899205455,4.7644932480461856e+17,110,223334110,117,2133347757,57803700000000,29420138882,fail
1426,1024 40,21 24,1,62,12986.899205455,4.768143357296798e+17,110,223505208,117,2133347757,64226300000000,29420138882,fail
1427,1024 44,21 20,1,62,12986.899205455,4.773253510247656e+17,110,223744745,117,2133347757,70648900000000,29420138882,fail
1428,1024 48,21 16,1,62,12986.899205455,4.7809187396739424e+17,110,224104050,117,2133347757,77071500000000,29420138882,fail
1429,1024 52,21 12,1,62,12986.899205455,4.7936941220510874e+17,110,224702892,117,2133347757,83494100000000,29420138882,fail
1430,1024 56,21 8,1,62,12986.899205455,4.819244886805376e+17,110,225900576,117,2133347757,89916600000000,29420138882,fail
1431,1024 16,22 48,1,62,12986.899205455,4.755367974919654e+17,110,222906366,117,2133347757,25690900000000,29420138882,fail
1432,1024 20,22 44,1,62,12986.899205455,4.7565293733175763e+17,110,222960806,117,2133347757,32113400000000,29420138882,fail
1433,1024 24,22 40,1,62,12986.899205455,4.757923051395083e+17,110,223026135,117,2133347757,38536000000000,29420138882,fail
1434,1024 28,22 36,1,62,12986.899205455,4.759626435712035e+17,110,223105980,117,2133347757,44958600000000,29420138882,fail
1435,1024 32,22 32,1,62,12986.899205455,4.761755666108226e+17,110,223205787,117,2133347757,51381200000000,29420138882,fail
1436,1024 36,22 28,1,62,12986.899205455,4.7644932480461856e+17,110,223334110,117,2133347757,57803700000000,29420138882,fail
1437,1024 40,22 24,1,62,12986.899205455,4.768143357296798e+17,110,223505208,117,2133347757,64226300000000,29420138882,fail
1438,1024 44,22 20,1,62,12986.899205455,4.773253510247656e+17,110,223744745,117,2133347757,70648900000000,29420138882,fail
1439,1024 48,22 16,1,62,12986.899205455,4.7809187396739424e+17,110,224104050,117,2133347757,77071500000000,29420138882,fail
1440,1024 52,22 12,1,62,12986.899205455,4.7936941220510874e+17,110,224702892,117,2133347757,83494100000000,29420138882,fail
1441,1024 56,22 8,1,62,12986.899205455,4.819244886805376e+17,110,225900576,117,2133347757,89916600000000,29420138882,fail
1442,1024 16,23 48,1,62,12986.899205455,4.755367974919654e+17,110,222906366,117,2133347757,25690900000000,29420138882,fail
1443,1024 20,23 44,1,62,12986.899205455,4.7565293733175763e+17,110,222960806,117,2133347757,32113400000000,29420138882,fail
1444,1024 24,23 40,1,62,12986.899205455,4.757923051395083e+17,110,223026135,117,2133347757,38536000000000,29420138882,fail
1445,1024 28,23 36,1,62,12986.899205455,4.759626435712035e+17,110,223105980,117,2133347757,44958600000000,29420138882,fail
1446,1024 32,23 32,1,62,12986.899205455,4.761755666108226e+17,110,223205787,117,2133347757,51381200000000,29420138882,fail
1447,1024 36,23 28,1,62,12986.899205455,4.7644932480461856e+17,110,223334110,117,2133347757,57803700000000,29420138882,fail
1448,1024 40,23 24,1,62,12986.899205455,4.768143357296798e+17,110,223505208,117,2133347757,64226300000000,29420138882,fail
1449,1024 44,23 20,1,62,12986.899205455,4.773253510247656e+17,110,223744745,117,2133347757,70648900000000,29420138882,fail
1450,1024 48,23 16,1,62,12986.899205455,4.7809187396739424e+17,110,224104050,117,2133347757,77071500000000,29420138882,fail
1451,1024 52,23 12,1,62,12986.899205455,4.7936941220510874e+17,110,224702892,117,2133347757,83494100000000,29420138882,fail
1452,1024 56,23 8,1,62,12986.899205455,4.819244886805376e+17,110,225900576,117,2133347757,89916600000000,29420138882,fail
1453,1024 16,24 48,1,62,12986.899205455,4.755367974919654e+17,110,222906366,117,2133347757,25690900000000,29420138882,fail
1454,1024 20,24 44,1,62,12986.899205455,4.7565293733175763e+17,110,222960806,117,2133347757,32113400000000,29420138882,fail
1455,1024 24,24 40,1,62,12986.899205455,4.757923051395083e+17,110,223026135,117,2133347757,38536000000000,29420138882,fail
1456,1024 28,24 36,1,62,12986.899205455,4.759626435712035e+17,110,223105980,117,2133347757,44958600000000,29420138882,fail
1457,1024 32,24 32,1,62,12986.899205455,4.761755666108226e+17,110,223205787,117,2133347757,51381200000000,29420138882,fail
1458,1024 36,24 28,1,62,12986.899205455,4.7644932480461856e+17,110,223334110,117,2133347757,57803700000000,29420138882,fail
1459,1024 40,24 24,1,62,12986.899205455,4.768143357296798e+17,110,223505208,117,2133347757,64226300000000,29420138882,fail
1460,1024 44,24 20,1,62,12986.899205455,4.773253510247656e+17,110,223744745,117,2133347757,70648900000000,29420138882,fail
1461,1024 48,24 16,1,62,12986.899205455,4.7809187396739424e+17,110,224104050,117,2133347757,77071500000000,29420138882,fail
1462,1024 52,24 12,1,62,12986.899205455,4.7936941220510874e+17,110,224702892,117,2133347757,83494100000000,29420138882,fail
1463,1024 56,24 8,1,62,12986.899205455,4.819244886805376e+17,110,225900576,117,2133347757,89916600000000,29420138882,fail
